# x_position concentration_percent
0.068722 -99.999685
0.069553 -99.999606
0.070385 -99.999516
0.071216 -99.999409
0.072048 -99.999280
0.072879 -99.999122
0.073710 -99.998931
0.074542 -99.998702
0.075373 -99.998428
0.076205 -99.998102
0.077036 -99.997713
0.077867 -99.997251
0.078699 -99.996704
0.079530 -99.996059
0.080362 -99.995300
0.081193 -99.994408
0.082024 -99.993364
0.082856 -99.992144
0.083687 -99.990724
0.084519 -99.989075
0.085350 -99.987166
0.086181 -99.984960
0.087013 -99.982420
0.087844 -99.979503
0.088676 -99.976162
0.089507 -99.972347
0.090339 -99.968002
0.091170 -99.963067
0.092001 -99.957478
0.092833 -99.951167
0.093664 -99.944061
0.094496 -99.936081
0.095327 -99.927147
0.096158 -99.917173
0.096990 -99.906070
0.097821 -99.893745
0.098653 -99.880105
0.099484 -99.865054
0.100315 -99.848493
0.101147 -99.830325
0.101978 -99.810454
0.102810 -99.788784
0.103641 -99.765224
0.104472 -99.739687
0.105304 -99.712089
0.106135 -99.682358
0.106967 -99.650425
0.107798 -99.616234
0.108629 -99.579741
0.109461 -99.540913
0.110292 -99.499731
0.111124 -99.456192
0.111955 -99.410311
0.112787 -99.362118
0.113618 -99.311663
0.114449 -99.259016
0.115281 -99.204265
0.116112 -99.147519
0.116944 -99.088906
0.117775 -99.028573
0.118606 -98.966688
0.119438 -98.903433
0.120269 -98.839008
0.121101 -98.773630
0.121932 -98.707523
0.122763 -98.640926
0.123595 -98.574083
0.124426 -98.507243
0.125258 -98.440656
0.126089 -98.374571
0.126920 -98.309230
0.127752 -98.244868
0.128583 -98.181703
0.129415 -98.119941
0.130246 -98.059764
0.131078 -98.001332
0.131909 -97.944777
0.132740 -97.890199
0.133572 -97.837668
0.134403 -97.787213
0.135235 -97.738829
0.136066 -97.692467
0.136897 -97.648039
0.137729 -97.605411
0.138560 -97.564408
0.139392 -97.524809
0.140223 -97.486350
0.141054 -97.448725
0.141886 -97.411582
0.142717 -97.374531
0.143549 -97.337142
0.144380 -97.298947
0.145211 -97.259441
0.146043 -97.218085
0.146874 -97.174311
0.147706 -97.127517
0.148537 -97.077077
0.149368 -97.022338
0.150200 -96.962623
0.151031 -96.897233
0.151863 -96.825448
0.152694 -96.746528
0.153526 -96.659716
0.154357 -96.564236
0.155188 -96.459295
0.156020 -96.344083
0.156851 -96.217773
0.157683 -96.079521
0.158514 -95.928469
0.159345 -95.763740
0.160177 -95.584442
0.161008 -95.389666
0.161840 -95.178487
0.162671 -94.949968
0.163502 -94.703155
0.164334 -94.437085
0.165165 -94.150782
0.165997 -93.843263
0.166828 -93.513543
0.167659 -93.160630
0.168491 -92.783540
0.169322 -92.381290
0.170154 -91.952913
0.170985 -91.497454
0.171817 -91.013983
0.172648 -90.501594
0.173479 -89.959413
0.174311 -89.386606
0.175142 -88.782379
0.175974 -88.145984
0.176805 -87.476728
0.177636 -86.773971
0.178468 -86.037128
0.179299 -85.265680
0.180131 -84.459163
0.180962 -83.617177
0.181793 -82.739383
0.182625 -81.825497
0.183456 -80.875293
0.184288 -79.888592
0.185119 -78.865263
0.185950 -77.805213
0.186782 -76.708379
0.187613 -75.574725
0.188445 -74.404227
0.189276 -73.196871
0.190108 -71.952640
0.190939 -70.671505
0.191770 -69.353420
0.192602 -67.998309
0.193433 -66.606064
0.194265 -65.176536
0.195096 -63.709529
0.195927 -62.204798
0.196759 -60.662045
0.197590 -59.080922
0.198422 -57.461026
0.199253 -55.801907
0.200084 -54.103066
0.200916 -52.363968
0.201747 -50.584044
0.202579 -48.762701
0.203410 -46.899334
0.204241 -44.993333
0.205073 -43.044098
0.205904 -41.051049
0.206736 -39.013640
0.207567 -36.931371
0.208398 -34.803798
0.209230 -32.630548
0.210061 -30.411327
0.210893 -28.145929
0.211724 -25.834246
0.212556 -23.476273
0.213387 -21.072114
0.214218 -18.621984
0.215050 -16.126210
0.215881 -13.585233
0.216713 -10.999604
0.217544 -8.369978
0.218375 -5.697115
0.219207 -2.981867
0.220038 -0.225173
0.220870 2.571946
0.221701 5.408400
0.222532 8.283040
0.223364 11.194658
0.224195 14.142005
0.225027 17.123792
0.225858 20.138697
0.226689 23.185372
0.227521 26.262442
0.228352 29.368510
0.229184 32.502156
0.230015 35.661931
0.230847 38.846356
0.231678 42.053918
0.232509 45.283055
0.233341 48.532154
0.234172 51.799536
0.235004 55.083446
0.235835 58.382042
0.236666 61.693382
0.237498 65.015411
0.238329 68.345952
0.239161 71.682695
0.239992 75.023188
0.240823 78.364830
0.241655 81.704870
0.242486 85.040403
0.243318 88.368371
0.244149 91.685573
0.244980 94.988667
0.245812 98.274188
0.246643 101.538561
0.247475 104.778122
0.248306 107.989140
0.249138 111.167843
0.249969 114.310453
0.250800 117.413209
0.251632 120.472411
0.252463 123.484448
0.253295 126.445842
0.254126 129.353282
0.254957 132.203663
0.255789 134.994125
0.256620 137.722087
0.257452 140.385282
0.258283 142.981785
0.259114 145.510048
0.259946 147.968917
0.260777 150.357654
0.261609 152.675954
0.262440 154.923950
0.263271 157.102221
0.264103 159.211787
0.264934 161.254102
0.265766 163.231038
0.266597 165.144869
0.267428 166.998240
0.268260 168.794138
0.269091 170.535854
0.269923 172.226941
0.270754 173.871171
0.271586 175.472479
0.272417 177.034915
0.273248 178.562589
0.274080 180.059611
0.274911 181.530033
0.275743 182.977797
0.276574 184.406671
0.277405 185.820198
0.278237 187.221645
0.279068 188.613948
0.279900 189.999669
0.280731 191.380958
0.281562 192.759511
0.282394 194.136545
0.283225 195.512769
0.284057 196.888371
0.284888 198.263002
0.285719 199.635774
0.286551 201.005263
0.287382 202.369515
0.288214 203.726062
0.289045 205.071948
0.289877 206.403749
0.290708 207.717616
0.291539 209.009302
0.292371 210.274214
0.293202 211.507456
0.294034 212.703877
0.294865 213.858124
0.295696 214.964698
0.296528 216.018006
0.297359 217.012413
0.298191 217.942305
0.299022 218.802130
0.299853 219.586459
0.300685 220.290029
0.301516 220.907789
0.302348 221.434940
0.303179 221.866974
0.304010 222.199706
0.304842 222.429300
0.305673 222.552294
0.306505 222.565614
0.307336 222.466589
0.308168 222.252956
0.308999 221.922862
0.309830 221.474860
0.310662 220.907904
0.311493 220.221333
0.312325 219.414858
0.313156 218.488542
0.313987 217.442779
0.314819 216.278269
0.315650 214.995991
0.316482 213.597181
0.317313 212.083300
0.318144 210.456008
0.318976 208.717143
0.319807 206.868689
0.320639 204.912758
0.321470 202.851567
0.322301 200.687422
0.323133 198.422701
0.323964 196.059844
0.324796 193.601341
0.325627 191.049732
0.326458 188.407600
0.327290 185.677577
0.328121 182.862343
0.328953 179.964638
0.329784 176.987270
0.330616 173.933126
0.331447 170.805185
0.332278 167.606533
0.333110 164.340375
0.333941 161.010055
0.334773 157.619061
0.335604 154.171047
0.336435 150.669836
0.337267 147.119431
0.338098 143.524021
0.338930 139.887983
0.339761 136.215876
0.340592 132.512443
0.341424 128.782594
0.342255 125.031399
0.343087 121.264064
0.343918 117.485911
0.344749 113.702354
0.345581 109.918868
0.346412 106.140954
0.347244 102.374108
0.348075 98.623776
0.348907 94.895324
0.349738 91.193988
0.350569 87.524840
0.351401 83.892742
0.352232 80.302311
0.353064 76.757881
0.353895 73.263462
0.354726 69.822716
0.355558 66.438923
0.356389 63.114961
0.357221 59.853284
0.358052 56.655908
0.358883 53.524403
0.359715 50.459890
0.360546 47.463044
0.361378 44.534102
0.362209 41.672875
0.363040 38.878767
0.363872 36.150803
0.364703 33.487652
0.365535 30.887662
0.366366 28.348895
0.367198 25.869164
0.368029 23.446076
0.368860 21.077073
0.369692 18.759473
0.370523 16.490510
0.371355 14.267381
0.372186 12.087281
0.373017 9.947442
0.373849 7.845167
0.374680 5.777862
0.375512 3.743064
0.376343 1.738464
0.377174 -0.238076
0.378006 -2.188503
0.378837 -4.114566
0.379669 -6.017811
0.380500 -7.899577
0.381331 -9.760999
0.382163 -11.603016
0.382994 -13.426379
0.383826 -15.231664
0.384657 -17.019288
0.385488 -18.789524
0.386320 -20.542523
0.387151 -22.278331
0.387983 -23.996909
0.388814 -25.698155
0.389646 -27.381920
0.390477 -29.048027
0.391308 -30.696292
0.392140 -32.326529
0.392971 -33.938574
0.393803 -35.532288
0.394634 -37.107565
0.395465 -38.664341
0.396297 -40.202597
0.397128 -41.722354
0.397960 -43.223678
0.398791 -44.706671
0.399622 -46.171467
0.400454 -47.618227
0.401285 -49.047126
0.402117 -50.458346
0.402948 -51.852066
0.403779 -53.228448
0.404611 -54.587633
0.405442 -55.929725
0.406274 -57.254782
0.407105 -58.562814
0.407937 -59.853768
0.408768 -61.127527
0.409599 -62.383904
0.410431 -63.622641
0.411262 -64.843408
0.412094 -66.045802
0.412925 -67.229355
0.413756 -68.393532
0.414588 -69.537742
0.415419 -70.661346
0.416251 -71.763662
0.417082 -72.843978
0.417913 -73.901562
0.418745 -74.935672
0.419576 -75.945571
0.420408 -76.930536
0.421239 -77.889872
0.422070 -78.822920
0.422902 -79.729072
0.423733 -80.607780
0.424565 -81.458563
0.425396 -82.281019
0.426228 -83.074828
0.427059 -83.839760
0.427890 -84.575683
0.428722 -85.282558
0.429553 -85.960449
0.430385 -86.609516
0.431216 -87.230022
0.432047 -87.822323
0.432879 -88.386871
0.433710 -88.924204
0.434542 -89.434945
0.435373 -89.919793
0.436204 -90.379518
0.437036 -90.814951
0.437867 -91.226977
0.438699 -91.616525
0.439530 -91.984562
0.440361 -92.332081
0.441193 -92.660096
0.442024 -92.969627
0.442856 -93.261699
0.443687 -93.537326
0.444518 -93.797510
0.445350 -94.043230
0.446181 -94.275436
0.447013 -94.495041
0.447844 -94.702921
0.448676 -94.899902
0.449507 -95.086764
0.450338 -95.264232
0.451170 -95.432976
0.452001 -95.593610
0.452833 -95.746689
0.453664 -95.892707
0.454495 -96.032104
0.455327 -96.165261
0.456158 -96.292503
0.456990 -96.414104
0.457821 -96.530287
0.458652 -96.641231
0.459484 -96.747071
0.460315 -96.847907
0.461147 -96.943803
0.461978 -97.034798
0.462809 -97.120910
0.463641 -97.202136
0.464472 -97.278466
0.465304 -97.349881
0.466135 -97.416364
0.466967 -97.477900
0.467798 -97.534487
0.468629 -97.586134
0.469461 -97.632869
0.470292 -97.674742
0.471124 -97.711828
0.471955 -97.744231
0.472786 -97.772083
0.473618 -97.795547
0.474449 -97.814820
0.475281 -97.830129
0.476112 -97.841732
0.476943 -97.849920
0.477775 -97.855011
0.478606 -97.857348
0.479438 -97.857299
0.480269 -97.855251
0.481100 -97.851608
0.481932 -97.846785
0.482763 -97.841204
0.483595 -97.835292
0.484426 -97.829471
0.485258 -97.824159
0.486089 -97.819761
0.486920 -97.816664
0.487752 -97.815237
0.488583 -97.815822
0.489415 -97.818731
0.490246 -97.824245
0.491077 -97.832608
0.491909 -97.844025
0.492740 -97.858660
0.493572 -97.876634
0.494403 -97.898026
0.495234 -97.922870
0.496066 -97.951153
0.496897 -97.982821
0.497729 -98.017777
0.498560 -98.055881
0.499391 -98.096954
0.500223 -98.140781
0.501054 -98.187108
0.501886 -98.235654
0.502717 -98.286106
0.503548 -98.338125
0.504380 -98.391352
0.505211 -98.445405
0.506043 -98.499888
0.506874 -98.554393
0.507706 -98.608501
0.508537 -98.661785
0.509368 -98.713816
0.510200 -98.764162
0.511031 -98.812393
0.511863 -98.858079
0.512694 -98.900797
0.513525 -98.940129
0.514357 -98.975665
0.515188 -99.007002
0.516020 -99.033748
0.516851 -99.055520
0.517682 -99.071946
0.518514 -99.082666
0.519345 -99.087332
0.520177 -99.085607
0.521008 -99.077169
0.521839 -99.061708
0.522671 -99.038929
0.523502 -99.008550
0.524334 -98.970308
0.525165 -98.923954
0.525997 -98.869258
0.526828 -98.806011
0.527659 -98.734021
0.528491 -98.653122
0.529322 -98.563171
0.530154 -98.464049
0.530985 -98.355669
0.531816 -98.237969
0.532648 -98.110923
0.533479 -97.974536
0.534311 -97.828848
0.535142 -97.673938
0.535973 -97.509923
0.536805 -97.336956
0.537636 -97.155234
0.538468 -96.964993
0.539299 -96.766510
0.540130 -96.560101
0.540962 -96.346123
0.541793 -96.124971
0.542625 -95.897074
0.543456 -95.662896
0.544288 -95.422930
0.545119 -95.177699
0.545950 -94.927745
0.546782 -94.673630
0.547613 -94.415927
0.548445 -94.155219
0.549276 -93.892086
0.550107 -93.627106
0.550939 -93.360843
0.551770 -93.093841
0.552602 -92.826618
0.553433 -92.559656
0.554264 -92.293399
0.555096 -92.028237
0.555927 -91.764506
0.556759 -91.502478
0.557590 -91.242354
0.558421 -90.984257
0.559253 -90.728227
0.560084 -90.474216
0.560916 -90.222082
0.561747 -89.971582
0.562578 -89.722376
0.563410 -89.474016
0.564241 -89.225948
0.565073 -88.977512
0.565904 -88.727941
0.566736 -88.476359
0.567567 -88.221788
0.568398 -87.963146
0.569230 -87.699253
0.570061 -87.428837
0.570893 -87.150534
0.571724 -86.862903
0.572555 -86.564422
0.573387 -86.253505
0.574218 -85.928505
0.575050 -85.587724
0.575881 -85.229422
0.576712 -84.851824
0.577544 -84.453135
0.578375 -84.031542
0.579207 -83.585227
0.580038 -83.112377
0.580869 -82.611191
0.581701 -82.079887
0.582532 -81.516715
0.583364 -80.919959
0.584195 -80.287947
0.585027 -79.619055
0.585858 -78.911717
0.586689 -78.164425
0.587521 -77.375739
0.588352 -76.544286
0.589184 -75.668767
0.590015 -74.747960
0.590846 -73.780721
0.591678 -72.765990
0.592509 -71.702788
0.593341 -70.590228
0.594172 -69.427507
0.595003 -68.213916
0.595835 -66.948841
0.596666 -65.631763
0.597498 -64.262266
0.598329 -62.840034
0.599160 -61.364859
0.599992 -59.836644
0.600823 -58.255407
0.601655 -56.621285
0.602486 -54.934537
0.603318 -53.195550
0.604149 -51.404845
0.604980 -49.563076
0.605812 -47.671038
0.606643 -45.729671
0.607475 -43.740057
0.608306 -41.703427
0.609137 -39.621159
0.609969 -37.494779
0.610800 -35.325958
0.611632 -33.116508
0.612463 -30.868380
0.613294 -28.583653
0.614126 -26.264531
0.614957 -23.913328
0.615789 -21.532457
0.616620 -19.124420
0.617451 -16.691786
0.618283 -14.237181
0.619114 -11.763264
0.619946 -9.272709
0.620777 -6.768184
0.621608 -4.252330
0.622440 -1.727734
0.623271 0.803086
0.624103 3.337710
0.624934 5.873838
0.625766 8.409309
0.626597 10.942121
0.627428 13.470454
0.628260 15.992685
0.629091 18.507403
0.629923 21.013422
0.630754 23.509791
0.631585 25.995801
0.632417 28.470990
0.633248 30.935141
0.634080 33.388283
0.634911 35.830681
0.635742 38.262827
0.636574 40.685430
0.637405 43.099396
0.638237 45.505811
0.639068 47.905917
0.639899 50.301091
0.640731 52.692815
0.641562 55.082652
0.642394 57.472212
0.643225 59.863129
0.644057 62.257027
0.644888 64.655491
0.645719 67.060041
0.646551 69.472106
0.647382 71.892996
0.648214 74.323884
0.649045 76.765785
0.649876 79.219540
0.650708 81.685803
0.651539 84.165036
0.652371 86.657498
0.653202 89.163250
0.654033 91.682154
0.654865 94.213879
0.655696 96.757914
0.656528 99.313576
0.657359 101.880031
0.658190 104.456305
0.659022 107.041309
0.659853 109.633857
0.660685 112.232684
0.661516 114.836475
0.662348 117.443875
0.663179 120.053517
0.664010 122.664034
0.664842 125.274078
0.665673 127.882328
0.666505 130.487505
0.667336 133.088376
0.668167 135.683757
0.668999 138.272514
0.669830 140.853559
0.670662 143.425845
0.671493 145.988352
0.672324 148.540080
0.673156 151.080033
0.673987 153.607200
0.674819 156.120539
0.675650 158.618961
0.676481 161.101306
0.677313 163.566331
0.678144 166.012685
0.678976 168.438901
0.679807 170.843376
0.680638 173.224363
0.681470 175.579959
0.682301 177.908102
0.683133 180.206565
0.683964 182.472959
0.684796 184.704737
0.685627 186.899197
0.686458 189.053496
0.687290 191.164664
0.688121 193.229612
0.688953 195.245157
0.689784 197.208038
0.690615 199.114934
0.691447 200.962489
0.692278 202.747329
0.693110 204.466087
0.693941 206.115420
0.694772 207.692028
0.695604 209.192675
0.696435 210.614201
0.697267 211.953540
0.698098 213.207728
0.698929 214.373918
0.699761 215.449382
0.700592 216.431524
0.701424 217.317878
0.702255 218.106116
0.703087 218.794046
0.703918 219.379614
0.704749 219.860906
0.705581 220.236144
0.706412 220.503691
0.707244 220.662048
0.708075 220.709860
0.708906 220.645915
0.709738 220.469150
0.710569 220.178659
0.711401 219.773699
0.712232 219.253699
0.713063 218.618274
0.713895 217.867233
0.714726 217.000598
0.715558 216.018617
0.716389 214.921777
0.717220 213.710821
0.718052 212.386766
0.718883 210.950909
0.719715 209.404850
0.720546 207.750492
0.721378 205.990056
0.722209 204.126082
0.723040 202.161433
0.723872 200.099290
0.724703 197.943145
0.725535 195.696794
0.726366 193.364314
0.727197 190.950052
0.728029 188.458594
0.728860 185.894739
0.729692 183.263469
0.730523 180.569910
0.731354 177.819296
0.732186 175.016931
0.733017 172.168144
0.733849 169.278247
0.734680 166.352497
0.735511 163.396047
0.736343 160.413914
0.737174 157.410936
0.738006 154.391738
0.738837 151.360703
0.739668 148.321941
0.740500 145.279267
0.741331 142.236186
0.742163 139.195874
0.742994 136.161174
0.743826 133.134592
0.744657 130.118299
0.745488 127.114135
0.746320 124.123623
0.747151 121.147984
0.747983 118.188154
0.748814 115.244805
0.749645 112.318372
0.750477 109.409075
0.751308 106.516950
0.752140 103.641874
0.752971 100.783594
0.753802 97.941751
0.754634 95.115911
0.755465 92.305589
0.756297 89.510267
0.757128 86.729421
0.757959 83.962537
0.758791 81.209126
0.759622 78.468740
0.760454 75.740983
0.761285 73.025520
0.762117 70.322083
0.762948 67.630477
0.763779 64.950583
0.764611 62.282360
0.765442 59.625845
0.766274 56.981153
0.767105 54.348476
0.767936 51.728082
0.768768 49.120312
0.769599 46.525580
0.770431 43.944369
0.771262 41.377231
0.772093 38.824787
0.772925 36.287721
0.773756 33.766784
0.774588 31.262790
0.775419 28.776614
0.776250 26.309194
0.777082 23.861524
0.777913 21.434654
0.778745 19.029684
0.779576 16.647764
0.780408 14.290081
0.781239 11.957857
0.782070 9.652340
0.782902 7.374791
0.783733 5.126475
0.784565 2.908648
0.785396 0.722544
0.786227 -1.430642
0.787059 -3.549768
0.787890 -5.633761
0.788722 -7.681633
0.789553 -9.692497
0.790384 -11.665584
0.791216 -13.600256
0.792047 -15.496020
0.792879 -17.352540
0.793710 -19.169648
0.794541 -20.947351
0.795373 -22.685834
0.796204 -24.385471
0.797036 -26.046816
0.797867 -27.670608
0.798698 -29.257760
0.799530 -30.809356
0.800361 -32.326638
0.801193 -33.810993
0.802024 -35.263938
0.802856 -36.687102
0.803687 -38.082211
0.804518 -39.451061
0.805350 -40.795502
0.806181 -42.117413
0.807013 -43.418683
0.807844 -44.701185
0.808675 -45.966756
0.809507 -47.217176
0.810338 -48.454150
0.811170 -49.679285
0.812001 -50.894080
0.812832 -52.099904
0.813664 -53.297988
0.814495 -54.489412
0.815327 -55.675096
0.816158 -56.855797
0.816989 -58.032101
0.817821 -59.204423
0.818652 -60.373007
0.819484 -61.537929
0.820315 -62.699099
0.821147 -63.856271
0.821978 -65.009044
0.822809 -66.156879
0.823641 -67.299102
0.824472 -68.434921
0.825304 -69.563432
0.826135 -70.683640
0.826966 -71.794463
0.827798 -72.894755
0.828629 -73.983313
0.829461 -75.058892
0.830292 -76.120225
0.831123 -77.166027
0.831955 -78.195016
0.832786 -79.205923
0.833618 -80.197505
0.834449 -81.168556
0.835280 -82.117916
0.836112 -83.044487
0.836943 -83.947236
0.837775 -84.825208
0.838606 -85.677531
0.839438 -86.503422
0.840269 -87.302194
0.841100 -88.073261
0.841932 -88.816139
0.842763 -89.530450
0.843595 -90.215923
0.844426 -90.872394
0.845257 -91.499806
0.846089 -92.098205
0.846920 -92.667740
0.847752 -93.208661
0.848583 -93.721309
0.849414 -94.206117
0.850246 -94.663602
0.851077 -95.094358
0.851909 -95.499051
0.852740 -95.878413
0.853571 -96.233232
0.854403 -96.564346
0.855234 -96.872637
0.856066 -97.159021
0.856897 -97.424443
0.857728 -97.669866
0.858560 -97.896270
0.859391 -98.104639
0.860223 -98.295958
0.861054 -98.471207
0.861886 -98.631354
0.862717 -98.777352
0.863548 -98.910131
0.864380 -99.030598
0.865211 -99.139630
0.866043 -99.238074
0.866874 -99.326742
0.867705 -99.406410
0.868537 -99.477815
0.869368 -99.541659
0.870200 -99.598601
0.871031 -99.649262
0.871862 -99.694223
0.872694 -99.734027
0.873525 -99.769178
0.874357 -99.800142
0.875188 -99.827351
0.876019 -99.851199
0.876851 -99.872050
0.877682 -99.890235
0.878514 -99.906054
0.879345 -99.919781
0.880177 -99.931663
0.881008 -99.941922
0.881839 -99.950757
0.882671 -99.958346
0.883502 -99.964849
0.884334 -99.970407
0.885165 -99.975146
0.885996 -99.979175
0.886828 -99.982593
0.887659 -99.985484
0.888491 -99.987924
0.889322 -99.989979
0.890153 -99.991703
0.890985 -99.993148
0.891816 -99.994354
0.892648 -99.995360
0.893479 -99.996195
0.894310 -99.996888
0.895142 -99.997461
0.895973 -99.997931
0.896805 -99.998313
0.897636 -99.998626
0.898467 -99.998888
0.899299 -99.999119
