0.000000000000000000e+00 -8.474576271186439413e+00
3.434343434343434254e-01 -5.384615384615384670e+01
6.868686868686868507e-01 -5.299145299145299504e+01
1.030303030303030276e+00 -5.299145299145299504e+01
1.373737373737373701e+00 -5.213675213675214337e+01
1.717171717171717127e+00 -5.042735042735042583e+01
2.060606060606060552e+00 -4.871794871794871540e+01
2.404040404040403978e+00 -4.700854700854700496e+01
2.747474747474747403e+00 -4.358974358974359120e+01
3.090909090909090828e+00 -4.102564102564102200e+01
3.434343434343434254e+00 -3.760683760683760823e+01
3.777777777777777679e+00 -3.247863247863247693e+01
4.121212121212121104e+00 -2.735042735042735274e+01
4.464646464646464530e+00 -2.136752136752136622e+01
4.808080808080807955e+00 -1.452991452991453158e+01
5.151515151515151381e+00 -5.128205128205127750e+00
5.494949494949494806e+00 5.128205128205127750e+00
5.838383838383838231e+00 1.709401709401709368e+01
6.181818181818181657e+00 2.991452991452991483e+01
6.525252525252525082e+00 4.444444444444444287e+01
6.868686868686868507e+00 6.068376068376068133e+01
7.212121212121211933e+00 7.777777777777778567e+01
7.555555555555555358e+00 9.230769230769230660e+01
7.898989898989898784e+00 1.059829059829059901e+02
8.242424242424242209e+00 1.128205128205128176e+02
8.585858585858584746e+00 1.153846153846153726e+02
8.929292929292929060e+00 1.102564102564102626e+02
9.272727272727273373e+00 9.914529914529914834e+01
9.616161616161615910e+00 8.547008547008546486e+01
9.959595959595958448e+00 6.923076923076922640e+01
1.030303030303030276e+01 5.299145299145299504e+01
1.064646464646464707e+01 3.675213675213675657e+01
1.098989898989898961e+01 2.307692307692307665e+01
1.133333333333333215e+01 1.025641025641025550e+01
1.167676767676767646e+01 -8.547008547008547730e-01
1.202020202020202078e+01 -1.025641025641025550e+01
1.236363636363636331e+01 -1.794871794871794890e+01
1.270707070707070585e+01 -2.478632478632478708e+01
1.305050505050505016e+01 -3.076923076923077005e+01
1.339393939393939448e+01 -3.504273504273503903e+01
1.373737373737373701e+01 -4.017094017094017033e+01
1.408080808080807955e+01 -4.273504273504273243e+01
1.442424242424242387e+01 -4.529914529914530164e+01
1.476767676767676818e+01 -4.786324786324786373e+01
1.511111111111111072e+01 -5.042735042735042583e+01
1.545454545454545325e+01 -5.128205128205127750e+01
1.579797979797979757e+01 -5.299145299145299504e+01
1.614141414141414188e+01 -5.299145299145299504e+01
1.648484848484848442e+01 -5.384615384615384670e+01
1.682828282828282696e+01 -5.470085470085470547e+01
1.717171717171716949e+01 -5.470085470085470547e+01
1.751515151515151558e+01 -5.384615384615384670e+01
1.785858585858585812e+01 -5.299145299145299504e+01
1.820202020202020066e+01 -5.213675213675214337e+01
1.854545454545454675e+01 -5.042735042735042583e+01
1.888888888888888928e+01 -4.871794871794871540e+01
1.923232323232323182e+01 -4.700854700854700496e+01
1.957575757575757436e+01 -4.444444444444444287e+01
1.991919191919191690e+01 -4.188034188034188077e+01
2.026262626262626299e+01 -3.760683760683760823e+01
2.060606060606060552e+01 -3.333333333333332860e+01
2.094949494949494806e+01 -2.820512820512820440e+01
2.129292929292929415e+01 -2.222222222222222143e+01
2.163636363636363669e+01 -1.538461538461538503e+01
2.197979797979797922e+01 -6.837606837606838184e+00
2.232323232323232176e+01 4.273504273504273421e+00
2.266666666666666430e+01 1.538461538461538503e+01
2.301010101010101039e+01 2.820512820512820440e+01
2.335353535353535293e+01 4.358974358974359120e+01
2.369696969696969546e+01 6.068376068376068133e+01
2.404040404040404155e+01 7.863247863247863734e+01
2.438383838383838409e+01 9.487179487179486159e+01
2.472727272727272663e+01 1.102564102564102626e+02
2.507070707070706916e+01 1.213675213675213627e+02
2.541414141414141170e+01 1.256410256410256352e+02
2.575757575757575779e+01 1.247863247863247835e+02
2.610101010101010033e+01 1.162393162393162527e+02
2.644444444444444287e+01 1.025641025641025550e+02
2.678787878787878896e+01 8.717948717948718240e+01
2.713131313131313149e+01 6.923076923076922640e+01
2.747474747474747403e+01 5.213675213675214337e+01
2.781818181818181657e+01 3.675213675213675657e+01
2.816161616161615910e+01 2.222222222222222143e+01
2.850505050505050519e+01 9.401709401709402059e+00
2.884848484848484773e+01 -1.709401709401709546e+00
2.919191919191919027e+01 -1.111111111111111072e+01
2.953535353535353636e+01 -1.794871794871794890e+01
2.987878787878787890e+01 -2.564102564102563875e+01
3.022222222222222143e+01 -3.076923076923077005e+01
3.056565656565656397e+01 -3.504273504273503903e+01
3.090909090909090651e+01 -3.931623931623931867e+01
3.125252525252525260e+01 -4.273504273504273243e+01
3.159595959595959513e+01 -4.615384615384615330e+01
3.193939393939393767e+01 -4.786324786324786373e+01
3.228282828282828376e+01 -5.042735042735042583e+01
3.262626262626262275e+01 -5.128205128205127750e+01
3.296969696969696884e+01 -5.299145299145299504e+01
3.331313131313131493e+01 -5.299145299145299504e+01
3.365656565656565391e+01 -8.119658119658119233e+01
3.400000000000000000e+01 -1.000000000000000000e+02
