0.000000000000000000e+00 -4.674806709017870787e+01
3.434343434343434254e-01 -1.538169974537678952e-01
6.868686868686868507e-01 1.714525213860247987e+01
1.030303030303030276e+00 -2.115777712166581281e+01
1.373737373737373701e+00 6.596826599634705524e+00
1.717171717171717127e+00 -1.102614871391106988e+01
2.060606060606060552e+00 2.651764944970025795e+00
2.404040404040403978e+00 1.388940165947654348e+00
2.747474747474747403e+00 2.087274898222207042e+01
3.090909090909090828e+00 -2.334175187851663225e+01
3.434343434343434254e+00 -9.505151205372838419e+00
3.777777777777777679e+00 -4.865575931672827892e+01
4.121212121212121104e+00 6.250963253816972554e+01
4.464646464646464530e+00 1.012069540550840779e-01
4.808080808080807955e+00 6.524869203007212237e-02
5.151515151515151381e+00 8.036028024026300454e-01
5.494949494949494806e+00 -4.412607364146429179e-01
5.838383838383838231e+00 3.052556849169127062e+00
6.181818181818181657e+00 2.552214083833587388e+00
6.525252525252525082e+00 3.302410791672997448e+00
6.868686868686868507e+00 3.547726355529422726e+00
7.212121212121211933e+00 3.717009209628884037e+00
7.555555555555555358e+00 3.869899259866135921e+00
7.898989898989898784e+00 4.121196219063836708e+00
8.242424242424242209e+00 4.146890731637725480e+00
8.585858585858584746e+00 3.708826059659708019e+00
8.929292929292929060e+00 4.093630471594883247e+00
9.272727272727273373e+00 3.907051339625327913e+00
9.616161616161615910e+00 3.871535994850006102e+00
9.959595959595958448e+00 3.437233888814904326e+00
1.030303030303030276e+01 7.785914432144160902e-01
1.064646464646464707e+01 -5.911665960702683353e-01
1.098989898989898961e+01 -8.813211507912900089e+00
1.133333333333333215e+01 1.175837605112065098e+01
1.167676767676767646e+01 5.595257874032563805e+00
1.202020202020202078e+01 -3.652494809133844722e+00
1.236363636363636331e+01 -4.791724049639360494e+00
1.270707070707070585e+01 -1.283006684276734610e+01
1.305050505050505016e+01 5.364134112316708780e+01
1.339393939393939448e+01 -2.267912592169361474e+01
1.373737373737373701e+01 -1.158389960010465991e+01
1.408080808080807955e+01 1.323784974782446255e+01
1.442424242424242387e+01 -1.773832656675641672e+01
1.476767676767676818e+01 -4.232786691040571725e+01
1.511111111111111072e+01 4.131992428650386984e+01
1.545454545454545325e+01 6.792580207609429266e+00
1.579797979797979757e+01 -4.568554961175127715e+00
1.614141414141414188e+01 9.236920473919699504e+00
1.648484848484848442e+01 -1.861628946393392781e+01
1.682828282828282696e+01 -2.364450264682020730e+01
1.717171717171716949e+01 2.086904868404963054e+01
1.751515151515151558e+01 2.375521363878008074e+01
1.785858585858585812e+01 -1.105706425279993965e+01
1.820202020202020066e+01 -1.026933602284385216e+01
1.854545454545454675e+01 -3.543304147194941578e+01
1.888888888888888928e+01 -1.828292733635063616e+00
1.923232323232323182e+01 5.162244068838399258e+00
1.957575757575757436e+01 1.660657226592338631e+01
1.991919191919191690e+01 -1.269179836092168223e+01
2.026262626262626299e+01 -2.542144458832762410e+01
2.060606060606060552e+01 1.384771700169128117e+01
2.094949494949494806e+01 4.146790795074839764e+01
2.129292929292929415e+01 -1.100924142417313512e+01
2.163636363636363669e+01 -1.914504347006938900e+01
2.197979797979797922e+01 -9.722590223825370970e+00
2.232323232323232176e+01 1.521639428984324027e+01
2.266666666666666430e+01 4.659216991152910659e+00
2.301010101010101039e+01 -8.428751694201738198e-01
2.335353535353535293e+01 1.311440225547205740e-01
2.369696969696969546e+01 4.441611678828097709e+00
2.404040404040404155e+01 7.711006693156727820e-01
2.438383838383838409e+01 1.575299001473104976e-01
2.472727272727272663e+01 -1.917537435044571088e-03
2.507070707070706916e+01 5.202114242320871051e-02
2.541414141414141170e+01 8.929534921588939689e-01
2.575757575757575779e+01 4.925503651295511931e-01
2.610101010101010033e+01 -2.131917563400988758e-01
2.644444444444444287e+01 8.338828531116680987e-01
2.678787878787878896e+01 1.507319013598769297e+00
2.713131313131313149e+01 -1.813970300550631354e+00
2.747474747474747403e+01 -7.373519848797206733e-02
2.781818181818181657e+01 3.722055861506855301e+00
2.816161616161615910e+01 2.902668528781265689e+00
2.850505050505050519e+01 2.387586652969746037e+00
2.884848484848484773e+01 -7.918887853559223089e+00
2.919191919191919027e+01 1.684652956332850593e+01
2.953535353535353636e+01 2.258740739863262803e+01
2.987878787878787890e+01 2.396909177415256664e+01
3.022222222222222143e+01 -3.364515412970764885e+01
3.056565656565656397e+01 -1.109401341343970770e+01
3.090909090909090651e+01 -1.415328939150221954e+00
3.125252525252525260e+01 -7.554135395601327296e+00
3.159595959595959513e+01 -2.008753829799011825e+01
3.193939393939393767e+01 4.643559374277451468e+01
3.228282828282828376e+01 -1.232137131917950335e+01
3.262626262626262275e+01 -4.081022939692374507e+01
3.296969696969696884e+01 2.821297266663133030e+01
3.331313131313131493e+01 2.200617460132211178e+01
3.365656565656565391e+01 4.192386095089217335e+00
3.400000000000000000e+01 -7.771580676761348627e+01
