0.000000000000000000e+00 -8.425414063760938177e+01
3.434343434343434254e-01 -6.459821757475127413e+01
6.868686868686868507e-01 -5.338749854661838157e+01
1.030303030303030276e+00 -5.822017217096536967e+01
1.373737373737373701e+00 -5.740503564299426387e+01
1.717171717171717127e+00 -5.506407741966322789e+01
2.060606060606060552e+00 -5.339521387675964803e+01
2.404040404040403978e+00 -5.118193720895385468e+01
2.747474747474747403e+00 -4.913493839523796680e+01
3.090909090909090828e+00 -4.570490969399364189e+01
3.434343434343434254e+00 -4.188809839595938200e+01
3.777777777777777679e+00 -3.700438755262199209e+01
4.121212121212121104e+00 -3.185374795469437359e+01
4.464646464646464530e+00 -2.536575323938514614e+01
4.808080808080807955e+00 -1.738192428986709359e+01
5.151515151515151381e+00 -7.902112085682951204e+00
5.494949494949494806e+00 3.394565812195893262e+00
5.838383838383838231e+00 1.678463342002372727e+01
6.181818181818181657e+00 3.254823263960015822e+01
6.525252525252525082e+00 5.072604605575413927e+01
6.868686868686868507e+00 7.117926939147245946e+01
7.212121212121211933e+00 9.283705819879205023e+01
7.555555555555555358e+00 1.137467643107214599e+02
7.898989898989898784e+00 1.318665094220339995e+02
8.242424242424242209e+00 1.440665327739281167e+02
8.585858585858584746e+00 1.450660460963546541e+02
8.929292929292929060e+00 1.382470852244095738e+02
9.272727272727273373e+00 1.234949209638396468e+02
9.616161616161615910e+00 1.038870078929522833e+02
9.959595959595958448e+00 8.210710509983134386e+01
1.030303030303030276e+01 6.082673543723785770e+01
1.064646464646464707e+01 4.143367675004643047e+01
1.098989898989898961e+01 2.433597188694788116e+01
1.133333333333333215e+01 9.674229928270959178e+00
1.167676767676767646e+01 -2.714254628557378091e+00
1.202020202020202078e+01 -1.280298925780402541e+01
1.236363636363636331e+01 -2.162100161134510046e+01
1.270707070707070585e+01 -2.879163420456936606e+01
1.305050505050505016e+01 -3.476293773948182064e+01
1.339393939393939448e+01 -3.974185609717278567e+01
1.373737373737373701e+01 -4.390664258125500652e+01
1.408080808080807955e+01 -4.779798066574235094e+01
1.442424242424242387e+01 -5.045845116792398244e+01
1.476767676767676818e+01 -5.245153355231573045e+01
1.511111111111111072e+01 -5.361281686000045710e+01
1.545454545454545325e+01 -5.669518911339702782e+01
1.579797979797979757e+01 -5.806920740271903725e+01
1.614141414141414188e+01 -5.514434563317755789e+01
1.648484848484848442e+01 -5.503171514369729067e+01
1.682828282828282696e+01 -6.225127612038501468e+01
1.717171717171716949e+01 -6.113025317290041727e+01
1.751515151515151558e+01 -5.285146306500073621e+01
1.785858585858585812e+01 -5.885200772519117152e+01
1.820202020202020066e+01 -5.821206420827799377e+01
1.854545454545454675e+01 -5.500027596667489149e+01
1.888888888888888928e+01 -5.388866200528272543e+01
1.923232323232323182e+01 -5.204772950774226814e+01
1.957575757575757436e+01 -4.996308233128526410e+01
1.991919191919191690e+01 -4.679208430039697220e+01
2.026262626262626299e+01 -4.321049765467319759e+01
2.060606060606060552e+01 -3.894203432691708855e+01
2.094949494949494806e+01 -3.433416034994769461e+01
2.129292929292929415e+01 -2.829970111736168192e+01
2.163636363636363669e+01 -2.103622877927123369e+01
2.197979797979797922e+01 -1.252134059360331619e+01
2.232323232323232176e+01 -2.565979273594600762e+00
2.266666666666666430e+01 9.474476284242912882e+00
2.301010101010101039e+01 2.359372582613320901e+01
2.335353535353535293e+01 3.997003093460338619e+01
2.369696969696969546e+01 5.805242158463222069e+01
2.404040404040404155e+01 7.762607650818090121e+01
2.438383838383838409e+01 9.794938712083526866e+01
2.472727272727272663e+01 1.158719781672073310e+02
2.507070707070706916e+01 1.290778896055324481e+02
2.541414141414141170e+01 1.337645498703580813e+02
2.575757575757575779e+01 1.330742374388946700e+02
2.610101010101010033e+01 1.232973860688416607e+02
2.644444444444444287e+01 1.070429962522298979e+02
2.678787878787878896e+01 8.780056413166005314e+01
2.713131313131313149e+01 6.770954329619985401e+01
2.747474747474747403e+01 4.875142565023266172e+01
2.781818181818181657e+01 3.148353942495570834e+01
2.816161616161615910e+01 1.637300580144468043e+01
2.850505050505050519e+01 3.418806473241739585e+00
2.884848484848484773e+01 -7.776123567993168173e+00
2.919191919191919027e+01 -1.688400554762653627e+01
2.953535353535353636e+01 -2.492235942666918547e+01
2.987878787878787890e+01 -3.141689862372592046e+01
3.022222222222222143e+01 -3.665226049105677930e+01
3.056565656565656397e+01 -4.122683253528816039e+01
3.090909090909090651e+01 -4.486654543825333974e+01
3.125252525252525260e+01 -4.831351279813831923e+01
3.159595959595959513e+01 -5.070573819835735208e+01
3.193939393939393767e+01 -5.283851484304865664e+01
3.228282828282828376e+01 -5.443834465913160159e+01
3.262626262626262275e+01 -5.610820167160879635e+01
3.296969696969696884e+01 -5.912432079594971412e+01
3.331313131313131493e+01 -5.720227258116633351e+01
3.365656565656565391e+01 -5.285336092985924950e+01
3.400000000000000000e+01 -4.249732398839662295e+01
