0.000000000000000000e+00 -9.745794763836016728e+01
3.434343434343434254e-01 -9.272284128129291503e+01
6.868686868686868507e-01 -2.511277535752955359e+01
1.030303030303030276e+00 -4.672495074769435774e+01
1.373737373737373701e+00 -8.447183650781504127e+01
1.717171717171717127e+00 1.505330347291535453e+01
2.060606060606060552e+00 -3.386893338109673834e+01
2.404040404040403978e+00 -9.203752522021811444e+01
2.747474747474747403e+00 -3.411801611894951236e+00
3.090909090909090828e+00 3.107801614133187513e+02
3.434343434343434254e+00 -8.309322301609309847e+00
3.777777777777777679e+00 -9.069971005324879343e+01
4.121212121212121104e+00 9.971910264041381922e+00
4.464646464646464530e+00 -4.063022093721400552e+00
4.808080808080807955e+00 -6.374388888194065572e+01
5.151515151515151381e+00 -5.066158545675853730e+01
5.494949494949494806e+00 -8.882356690960909873e+01
5.838383838383838231e+00 5.272142685336923762e+01
6.181818181818181657e+00 1.465813930462637416e+02
6.525252525252525082e+00 -1.198094642961538625e+01
6.868686868686868507e+00 -3.298812809927732559e+01
7.212121212121211933e+00 1.717340424595377968e+01
7.555555555555555358e+00 2.943088235092539051e+01
7.898989898989898784e+00 2.185580016617745969e+01
8.242424242424242209e+00 1.511043097552837189e+01
8.585858585858584746e+00 1.240219998207937024e+01
8.929292929292929060e+00 1.192547241176137796e+01
9.272727272727273373e+00 1.848987449788267412e+01
9.616161616161615910e+00 1.850438083552182889e+01
9.959595959595958448e+00 2.296898846981080169e+02
1.030303030303030276e+01 1.583385075928254082e+01
1.064646464646464707e+01 -9.666002759552061718e+01
1.098989898989898961e+01 -8.461209295138233699e+01
1.133333333333333215e+01 -4.170641914473306144e+01
1.167676767676767646e+01 4.960152754348926329e+00
1.202020202020202078e+01 1.102525826175737222e+01
1.236363636363636331e+01 -5.529878404632487587e+01
1.270707070707070585e+01 -5.841140611293020868e+01
1.305050505050505016e+01 -1.593757114969635014e+00
1.339393939393939448e+01 -8.226984054246182154e+01
1.373737373737373701e+01 4.739221585995791131e+00
1.408080808080807955e+01 5.617594519170449985e+01
1.442424242424242387e+01 -6.610860886386763013e+01
1.476767676767676818e+01 8.323277282289637924e+01
1.511111111111111072e+01 1.063696722768803227e+02
1.545454545454545325e+01 5.650762274215683334e+00
1.579797979797979757e+01 2.298214571355410030e+01
1.614141414141414188e+01 -9.557834719193678552e+00
1.648484848484848442e+01 -6.240341547340544537e+01
1.682828282828282696e+01 -1.176428479479642242e+01
1.717171717171716949e+01 -2.196230967252432364e+01
1.751515151515151558e+01 -6.148907714187170370e+01
1.785858585858585812e+01 -7.943992622589188102e+01
1.820202020202020066e+01 3.031161109605271520e+01
1.854545454545454675e+01 -5.050714799770171481e+01
1.888888888888888928e+01 -6.552451178830666834e+01
1.923232323232323182e+01 6.575859997802730561e+01
1.957575757575757436e+01 4.853612046355990373e+01
1.991919191919191690e+01 -1.243930129879175617e+01
2.026262626262626299e+01 4.064796139221378013e+01
2.060606060606060552e+01 -6.834819574165996414e+01
2.094949494949494806e+01 4.212679728768743814e+01
2.129292929292929415e+01 -2.026669707454149716e+01
2.163636363636363669e+01 2.703105053928462009e+00
2.197979797979797922e+01 -9.476702538095985062e+00
2.232323232323232176e+01 5.366144894619549177e+01
2.266666666666666430e+01 8.184375818764630139e+01
2.301010101010101039e+01 -8.535206470078684049e+01
2.335353535353535293e+01 -3.208912058843751680e+01
2.369696969696969546e+01 -8.803675085658944077e-01
2.404040404040404155e+01 3.154516247494405690e+01
2.438383838383838409e+01 3.015313970315626690e+01
2.472727272727272663e+01 2.379754721591844202e+01
2.507070707070706916e+01 1.709323583995520579e+01
2.541414141414141170e+01 1.231220193792313466e+01
2.575757575757575779e+01 1.368277322205321767e+01
2.610101010101010033e+01 1.422154207210542509e+01
2.644444444444444287e+01 3.147991751727061072e+01
2.678787878787878896e+01 -4.715912358689796946e+01
2.713131313131313149e+01 8.604775533984074798e+00
2.747474747474747403e+01 2.486373756089074902e+02
2.781818181818181657e+01 3.835865992575291727e+01
2.816161616161615910e+01 -8.717122287808064129e+01
2.850505050505050519e+01 5.763747229389728943e+00
2.884848484848484773e+01 5.244661768372420596e+00
2.919191919191919027e+01 -8.948771057506660043e+01
2.953535353535353636e+01 -3.097385866693957368e+01
2.987878787878787890e+01 2.172141611782407278e+00
3.022222222222222143e+01 -4.139309299226193950e+00
3.056565656565656397e+01 -2.263652595285271474e+01
3.090909090909090651e+01 7.598579390961423030e+01
3.125252525252525260e+01 -4.687063586442783958e+01
3.159595959595959513e+01 -9.857500330630746532e+01
3.193939393939393767e+01 -8.898981289104425230e+01
3.228282828282828376e+01 5.508749081912954892e+01
3.262626262626262275e+01 8.211220829638263297e+01
3.296969696969696884e+01 -8.813759776150968506e+00
3.331313131313131493e+01 -9.157316144574933503e+01
3.365656565656565391e+01 -9.944369915916891500e+01
3.400000000000000000e+01 -9.998618408023642701e+01
