0.000000000000000000e+00 -9.999999905096250075e+01
3.434343434343434254e-01 -9.999487430348330008e+01
6.868686868686868507e-01 -9.734764580543065904e+01
1.030303030303030276e+00 -2.378116057030409891e+01
1.373737373737373701e+00 4.663194579701121256e+01
1.717171717171717127e+00 1.737586321611250639e+01
2.060606060606060552e+00 -4.772229195365421361e+01
2.404040404040403978e+00 -1.397859007549554278e+01
2.747474747474747403e+00 -6.013177502760519388e+01
3.090909090909090828e+00 -9.846549467788025822e+01
3.434343434343434254e+00 -6.793306104642738319e+01
3.777777777777777679e+00 6.887955754893515348e+01
4.121212121212121104e+00 7.128758162865986492e+01
4.464646464646464530e+00 9.611336204387977489e+01
4.808080808080807955e+00 -1.898498063625905630e+01
5.151515151515151381e+00 -6.436493438437580039e+01
5.494949494949494806e+00 -4.001280957417884565e+01
5.838383838383838231e+00 1.370975870456520340e+02
6.181818181818181657e+00 3.792862811728757322e+01
6.525252525252525082e+00 2.825066301208950037e+01
6.868686868686868507e+00 -2.542644855959360406e+00
7.212121212121211933e+00 -3.989466132734404535e+00
7.555555555555555358e+00 6.675991516070209464e+00
7.898989898989898784e+00 2.048778212042808633e+01
8.242424242424242209e+00 1.700292858962424347e+01
8.585858585858584746e+00 1.622824591850047327e+01
8.929292929292929060e+00 2.048136189264168294e+01
9.272727272727273373e+00 3.244531855802129172e+01
9.616161616161615910e+00 -3.103923914745142909e+01
9.959595959595958448e+00 4.587415224216518794e+01
1.030303030303030276e+01 -3.103133215204076034e+00
1.064646464646464707e+01 -3.460952418724854596e+01
1.098989898989898961e+01 -6.919691202675235520e-01
1.133333333333333215e+01 1.081523327806437180e+02
1.167676767676767646e+01 2.179090764699608087e+02
1.202020202020202078e+01 -6.489789186516733821e+01
1.236363636363636331e+01 -9.589555594164198737e+01
1.270707070707070585e+01 -9.414014929175361601e+01
1.305050505050505016e+01 -3.089374772149121995e+01
1.339393939393939448e+01 8.779886786762227757e+01
1.373737373737373701e+01 -2.318787785931688106e+01
1.408080808080807955e+01 -4.140086790191452337e+01
1.442424242424242387e+01 8.752832154407720111e+00
1.476767676767676818e+01 4.853871424923608657e+01
1.511111111111111072e+01 -9.784547031234751557e+00
1.545454545454545325e+01 -6.241298699356395474e+01
1.579797979797979757e+01 -5.619652854784007445e+01
1.614141414141414188e+01 -9.441749498381275885e+01
1.648484848484848442e+01 -9.994265561328091962e+01
1.682828282828282696e+01 -9.850955934593024210e+01
1.717171717171716949e+01 -1.605292072521612567e+01
1.751515151515151558e+01 1.478128138457894920e+02
1.785858585858585812e+01 -5.808140914500737750e+01
1.820202020202020066e+01 5.939873308323601719e+00
1.854545454545454675e+01 1.103450289580513584e+02
1.888888888888888928e+01 1.189140322258897413e+02
1.923232323232323182e+01 4.867692470754907674e+01
1.957575757575757436e+01 -9.124128195304625422e+01
1.991919191919191690e+01 -9.424229568867642115e+01
2.026262626262626299e+01 -4.006960033622027595e+01
2.060606060606060552e+01 -6.496439910805592888e+01
2.094949494949494806e+01 -9.732189116915073157e+01
2.129292929292929415e+01 -2.953930029090587439e+01
2.163636363636363669e+01 1.753406584644833970e+02
2.197979797979797922e+01 -2.028526852356640120e+01
2.232323232323232176e+01 -5.493556568401384510e+00
2.266666666666666430e+01 2.927123823557896642e+01
2.301010101010101039e+01 -3.883962118016874143e+01
2.335353535353535293e+01 -1.286417465395891213e+01
2.369696969696969546e+01 1.197104819305346837e+02
2.404040404040404155e+01 1.235348237483693623e+01
2.438383838383838409e+01 5.686093841502986024e+00
2.472727272727272663e+01 2.393395876060344918e+01
2.507070707070706916e+01 1.849327222578734720e+01
2.541414141414141170e+01 1.461371020062007453e+01
2.575757575757575779e+01 1.668129040748799596e+01
2.610101010101010033e+01 2.273138164541964201e+01
2.644444444444444287e+01 1.673568271861512358e+01
2.678787878787878896e+01 1.386640656114050607e+01
2.713131313131313149e+01 1.401510528174144632e+01
2.747474747474747403e+01 5.058973004503092596e+01
2.781818181818181657e+01 9.049237961519203566e+01
2.816161616161615910e+01 -4.698362749325776022e+00
2.850505050505050519e+01 -2.139215416304566375e+01
2.884848484848484773e+01 -8.765138574367007607e+01
2.919191919191919027e+01 -6.874844576505739724e+01
2.953535353535353636e+01 1.513519337849147064e+02
2.987878787878787890e+01 1.285205344472560007e+01
3.022222222222222143e+01 -9.484161047103606279e+01
3.056565656565656397e+01 -9.833839157980665391e+01
3.090909090909090651e+01 -7.123142931310222536e+01
3.125252525252525260e+01 1.156611856262020410e+02
3.159595959595959513e+01 4.717811510887658244e+01
3.193939393939393767e+01 -2.769565372639098300e+01
3.228282828282828376e+01 -2.100651656151606872e+01
3.262626262626262275e+01 -1.690768619885950486e+01
3.296969696969696884e+01 -3.271169839860012729e+01
3.331313131313131493e+01 -7.471162724524573662e+01
3.365656565656565391e+01 1.994690092434019846e+01
3.400000000000000000e+01 8.245231369375994745e+01
