0.000000000000000000e+00 -9.996999823731084689e+01
3.434343434343434254e-01 -9.475474227110981928e+01
6.868686868686868507e-01 -1.006788479054511676e+01
1.030303030303030276e+00 1.805378077248248303e+01
1.373737373737373701e+00 1.514058690714073485e+01
1.717171717171717127e+00 1.836906684624069896e+01
2.060606060606060552e+00 5.904830900984828901e+01
2.404040404040403978e+00 9.613448362075551756e+00
2.747474747474747403e+00 -9.490819588785977601e+01
3.090909090909090828e+00 -9.008958147370977088e+01
3.434343434343434254e+00 -9.117283347134181781e+01
3.777777777777777679e+00 -9.957415412160564472e+01
4.121212121212121104e+00 -9.998209328085003733e+01
4.464646464646464530e+00 -9.093781906529912362e+01
4.808080808080807955e+00 1.582127412028966660e+02
5.151515151515151381e+00 3.053277240935964301e+02
5.494949494949494806e+00 -4.861042499986008636e+01
5.838383838383838231e+00 2.032368463529953928e+01
6.181818181818181657e+00 3.781409257511547395e+01
6.525252525252525082e+00 -1.286751271717482581e+01
6.868686868686868507e+00 1.668257561963242708e+01
7.212121212121211933e+00 1.610410588798104214e+01
7.555555555555555358e+00 1.697639401088129318e+01
7.898989898989898784e+00 1.490537832660950279e+01
8.242424242424242209e+00 1.683342388758839192e+01
8.585858585858584746e+00 1.583206323939448623e+01
8.929292929292929060e+00 1.769094424805404486e+01
9.272727272727273373e+00 1.464569395637007254e+01
9.616161616161615910e+00 1.629789730717130780e+01
9.959595959595958448e+00 9.953923210743873540e+01
1.030303030303030276e+01 5.856239651396739632e+00
1.064646464646464707e+01 -1.344465639697787829e+01
1.098989898989898961e+01 -5.408269144065010892e+01
1.133333333333333215e+01 1.434980419783137791e+02
1.167676767676767646e+01 3.213602808947142648e+02
1.202020202020202078e+01 -5.236319545213417825e+01
1.236363636363636331e+01 -9.970831978780762483e+01
1.270707070707070585e+01 -9.996357283257424342e+01
1.305050505050505016e+01 -9.336483237223788478e+01
1.339393939393939448e+01 -2.106323606666812864e+01
1.373737373737373701e+01 9.473139996195054380e+01
1.408080808080807955e+01 -1.693199664624368594e+01
1.442424242424242387e+01 -9.349227038053612659e+01
1.476767676767676818e+01 -5.452417239514350911e+01
1.511111111111111072e+01 -1.875818021365182986e+01
1.545454545454545325e+01 -2.445320488439873685e+01
1.579797979797979757e+01 5.999335233820168867e+01
1.614141414141414188e+01 1.199200198069171819e+02
1.648484848484848442e+01 -7.304481486336047169e+01
1.682828282828282696e+01 -9.865433905529417302e+01
1.717171717171716949e+01 -6.268062841809326358e+01
1.751515151515151558e+01 -2.523069144576255951e+01
1.785858585858585812e+01 -3.236147014250376941e+01
1.820202020202020066e+01 -1.839728697381768541e+01
1.854545454545454675e+01 -8.047738923508159559e+00
1.888888888888888928e+01 -2.078341149072933192e+01
1.923232323232323182e+01 -2.655552014737770250e+01
1.957575757575757436e+01 -3.588681703197861594e+01
1.991919191919191690e+01 -4.026699879824926143e+01
2.026262626262626299e+01 -7.981012606326859782e+01
2.060606060606060552e+01 6.635118959690462503e+00
2.094949494949494806e+01 -6.374817368259960659e+01
2.129292929292929415e+01 -9.908402625888581383e+01
2.163636363636363669e+01 -6.415624395687076742e+01
2.197979797979797922e+01 1.493788381170164428e+02
2.232323232323232176e+01 -6.381433120030209238e+00
2.266666666666666430e+01 -3.645424826433985288e+01
2.301010101010101039e+01 5.688953036760009496e+01
2.335353535353535293e+01 2.269814029009177432e+02
2.369696969696969546e+01 4.272287345082944654e+01
2.404040404040404155e+01 -2.956392620609708644e+01
2.438383838383838409e+01 2.666650209043356412e+01
2.472727272727272663e+01 2.357635872739361105e+01
2.507070707070706916e+01 1.615707786721085526e+01
2.541414141414141170e+01 1.293816697096032975e+01
2.575757575757575779e+01 1.715583425618440572e+01
2.610101010101010033e+01 3.818654069546870033e+01
2.644444444444444287e+01 -8.703546854097957919e+00
2.678787878787878896e+01 4.175207286043322341e+01
2.713131313131313149e+01 4.991944173995499767e+01
2.747474747474747403e+01 -1.034453815601732707e+01
2.781818181818181657e+01 -3.670495647283553353e+01
2.816161616161615910e+01 -1.264534015766526842e+01
2.850505050505050519e+01 6.587733739993166182e+01
2.884848484848484773e+01 8.907527341462161985e+01
2.919191919191919027e+01 -8.590984637422214121e+01
2.953535353535353636e+01 -7.607894051920159484e+01
2.987878787878787890e+01 -3.093036732579428261e+01
3.022222222222222143e+01 2.363393282845826349e+01
3.056565656565656397e+01 7.756957987370377339e+01
3.090909090909090651e+01 1.792231135081685238e+02
3.125252525252525260e+01 -1.058644692839127721e+01
3.159595959595959513e+01 -9.817181845164779475e+01
3.193939393939393767e+01 -9.695044633006405377e+01
3.228282828282828376e+01 -6.648751369085260876e+01
3.262626262626262275e+01 -5.500512136790015916e+01
3.296969696969696884e+01 4.809770036421494588e+00
3.331313131313131493e+01 1.377173082905159518e+01
3.365656565656565391e+01 2.662358353497781138e+01
3.400000000000000000e+01 -7.485739509335475361e+01
