0.000000000000000000e+00 -9.998817082390968380e+01
3.434343434343434254e-01 -9.692439052090455220e+01
6.868686868686868507e-01 -2.205253424532761741e+01
1.030303030303030276e+00 3.593043652016186940e+01
1.373737373737373701e+00 -9.444153087555843484e+00
1.717171717171717127e+00 2.074164128188757505e+00
2.060606060606060552e+00 -2.009717793896269100e+01
2.404040404040403978e+00 -5.195316746222275839e+01
2.747474747474747403e+00 -8.996897786322858792e+01
3.090909090909090828e+00 -8.710690631075864587e+01
3.434343434343434254e+00 -9.767715925010294598e+01
3.777777777777777679e+00 -9.997645092761138130e+01
4.121212121212121104e+00 -9.980517704046442873e+01
4.464646464646464530e+00 -7.462772976047131124e+01
4.808080808080807955e+00 1.413816584816659372e+02
5.151515151515151381e+00 4.573439473598352834e+02
5.494949494949494806e+00 1.140145674401342006e+02
5.838383838383838231e+00 -6.370124342706198206e+01
6.181818181818181657e+00 -5.817524089142548149e+01
6.525252525252525082e+00 4.654660529928094803e+01
6.868686868686868507e+00 2.756641482756829120e+01
7.212121212121211933e+00 2.611074886386813620e+00
7.555555555555555358e+00 1.028645189992216125e+01
7.898989898989898784e+00 1.651861569841947386e+01
8.242424242424242209e+00 1.694837689124745950e+01
8.585858585858584746e+00 1.433342370605523719e+01
8.929292929292929060e+00 1.607693744047625373e+01
9.272727272727273373e+00 2.669509501082448821e+01
9.616161616161615910e+00 1.776076204228519018e+01
9.959595959595958448e+00 5.904814699311260284e+01
1.030303030303030276e+01 1.446228000191052354e+00
1.064646464646464707e+01 2.562400400075145868e+01
1.098989898989898961e+01 7.685570069137876104e+00
1.133333333333333215e+01 -2.401231434205232773e+01
1.167676767676767646e+01 1.145599614181258090e+02
1.202020202020202078e+01 -5.585923182441505475e+01
1.236363636363636331e+01 -6.059950007503944391e+01
1.270707070707070585e+01 1.534111914435015080e+02
1.305050505050505016e+01 5.962276900244019373e+01
1.339393939393939448e+01 -8.168192787726252391e+01
1.373737373737373701e+01 -6.563461910715803072e+01
1.408080808080807955e+01 -8.207978709562978281e+01
1.442424242424242387e+01 1.406548563677500585e+00
1.476767676767676818e+01 8.743042085185822998e+01
1.511111111111111072e+01 -4.755363457965621166e+01
1.545454545454545325e+01 -6.514372590854080158e+01
1.579797979797979757e+01 2.787879247255828474e+01
1.614141414141414188e+01 2.792631006414227457e+01
1.648484848484848442e+01 -8.667195842494137992e+01
1.682828282828282696e+01 -4.009328141532181178e+01
1.717171717171716949e+01 -2.407132784018425653e+01
1.751515151515151558e+01 -5.995426253015926221e+01
1.785858585858585812e+01 -9.158000680378945901e+01
1.820202020202020066e+01 -4.465044834419163777e+01
1.854545454545454675e+01 1.664963901091637126e+02
1.888888888888888928e+01 8.353221291915106406e+01
1.923232323232323182e+01 -8.703599888362502668e+01
1.957575757575757436e+01 -9.591742537844204719e+01
1.991919191919191690e+01 -7.044423938943275232e+01
2.026262626262626299e+01 -2.640442236982422131e+01
2.060606060606060552e+01 4.015658107006206023e+01
2.094949494949494806e+01 -7.774361865956633721e+01
2.129292929292929415e+01 -5.312941903507034880e+01
2.163636363636363669e+01 9.941781143340222116e+01
2.197979797979797922e+01 -4.553291116010461081e+01
2.232323232323232176e+01 -8.528146986492042458e+01
2.266666666666666430e+01 -8.770844026961631812e+01
2.301010101010101039e+01 9.439476868086615013e+01
2.335353535353535293e+01 1.570301505012411383e+02
2.369696969696969546e+01 1.438608258387369574e+02
2.404040404040404155e+01 -2.834762962855152324e+01
2.438383838383838409e+01 8.688340954380372239e+00
2.472727272727272663e+01 3.163449124781935851e+01
2.507070707070706916e+01 1.414952938085262879e+01
2.541414141414141170e+01 1.331835984731760192e+01
2.575757575757575779e+01 1.631551553690904299e+01
2.610101010101010033e+01 1.674765637838443411e+01
2.644444444444444287e+01 5.131329896789823763e+00
2.678787878787878896e+01 -4.057652202723857293e+00
2.713131313131313149e+01 3.779598666465115997e+01
2.747474747474747403e+01 1.141392891915907910e+02
2.781818181818181657e+01 9.155059944869205424e+01
2.816161616161615910e+01 2.210079840811726015e+01
2.850505050505050519e+01 7.041026507435724113e+01
2.884848484848484773e+01 1.022104877963680138e+02
2.919191919191919027e+01 -8.110544674277313959e+01
2.953535353535353636e+01 -9.985691251837491222e+01
2.987878787878787890e+01 -9.640046316672190585e+01
3.022222222222222143e+01 -7.184599082767088696e+00
3.056565656565656397e+01 1.157546763663448814e+02
3.090909090909090651e+01 -6.671928491436747777e+01
3.125252525252525260e+01 -9.671453439593882706e+01
3.159595959595959513e+01 -9.043831694235410623e+01
3.193939393939393767e+01 1.035516278518333344e+01
3.228282828282828376e+01 2.907499250273161806e+01
3.262626262626262275e+01 1.291200632384422420e+02
3.296969696969696884e+01 -3.634730293860549466e+01
3.331313131313131493e+01 -9.899993599528012567e+01
3.365656565656565391e+01 -9.999912440791186441e+01
3.400000000000000000e+01 -9.999999992616602640e+01
