2.000000000000000000e+00 -1.897895117191072600e+01
2.303030303030303205e+00 -1.797249722508165348e+01
2.606060606060605966e+00 -1.696395780433062939e+01
2.909090909090909172e+00 -1.649084846823432926e+01
3.212121212121211933e+00 -1.553023494805576554e+01
3.515151515151515138e+00 -1.419688659726191027e+01
3.818181818181818343e+00 -1.370896409681187400e+01
4.121212121212121104e+00 -1.283987452487003189e+01
4.424242424242423866e+00 -1.238121766361315146e+01
4.727272727272727515e+00 -1.181110717322974324e+01
5.030303030303030276e+00 -1.157754811607143175e+01
5.333333333333333925e+00 -1.099409103755586337e+01
5.636363636363636687e+00 -1.162788323592078754e+01
5.939393939393939448e+00 -1.185730435828495288e+01
6.242424242424242209e+00 -1.221819822997729155e+01
6.545454545454545858e+00 -1.304752215427382112e+01
6.848484848484848619e+00 -1.414709923643649780e+01
7.151515151515151381e+00 -1.494571398595163103e+01
7.454545454545455030e+00 -1.512618572007662721e+01
7.757575757575757791e+00 -1.641681656266031197e+01
8.060606060606060552e+00 -1.759777360386995682e+01
8.363636363636363313e+00 -1.817777963841718503e+01
8.666666666666667851e+00 -1.873970198366701467e+01
8.969696969696968836e+00 -1.919365162279384052e+01
9.272727272727273373e+00 -1.916091990878688023e+01
9.575757575757576134e+00 -1.902857701558892245e+01
9.878787878787878896e+00 -1.882475053264018783e+01
1.018181818181818166e+01 -1.817578186065077972e+01
1.048484848484848442e+01 -1.699588868335854386e+01
1.078787878787878896e+01 -1.580609607328316812e+01
1.109090909090909172e+01 -1.422986579065556612e+01
1.139393939393939448e+01 -1.230352003187502774e+01
1.169696969696969724e+01 -9.418343642427116080e+00
1.200000000000000000e+01 -5.949643103398774890e+00
1.230303030303030276e+01 -2.277591079111073835e+00
1.260606060606060552e+01 1.818109125511484292e+00
1.290909090909091006e+01 6.433522391395469775e+00
1.321212121212121282e+01 1.168010988292601660e+01
1.351515151515151558e+01 1.734796380811081562e+01
1.381818181818181834e+01 2.326500030069761493e+01
1.412121212121212110e+01 2.915489526248258301e+01
1.442424242424242387e+01 3.512533882914650718e+01
1.472727272727272840e+01 4.104351309449533147e+01
1.503030303030303116e+01 4.592658024621829327e+01
1.533333333333333393e+01 4.966476089548671524e+01
1.563636363636363669e+01 5.222786155808994835e+01
1.593939393939393945e+01 5.298322072713412467e+01
1.624242424242424221e+01 5.215727424672829926e+01
1.654545454545454675e+01 4.940927964849813492e+01
1.684848484848485128e+01 4.614156214800807021e+01
1.715151515151515227e+01 4.118082589038674968e+01
1.745454545454545325e+01 3.530801437103895779e+01
1.775757575757575779e+01 2.944122514682239000e+01
1.806060606060606233e+01 2.331364682763169682e+01
1.836363636363636331e+01 1.728398857543924194e+01
1.866666666666666785e+01 1.158756553459843275e+01
1.896969696969696884e+01 6.543248587332352706e+00
1.927272727272727337e+01 2.004399790047300289e+00
1.957575757575757791e+01 -2.239236431584669340e+00
1.987878787878787890e+01 -6.001258476405431530e+00
2.018181818181818343e+01 -9.219625612669391401e+00
2.048484848484848442e+01 -1.174276491926052834e+01
2.078787878787878896e+01 -1.391759146084318388e+01
2.109090909090908994e+01 -1.559382967984155854e+01
2.139393939393939448e+01 -1.726269724718166643e+01
2.169696969696969902e+01 -1.819769531815207486e+01
2.200000000000000000e+01 -1.868492293868768783e+01
2.230303030303030454e+01 -1.897489269408549006e+01
2.260606060606060552e+01 -1.922957038843072652e+01
2.290909090909091006e+01 -1.903801005357696496e+01
2.321212121212121104e+01 -1.860221309393217837e+01
2.351515151515151558e+01 -1.804719994557180485e+01
2.381818181818182012e+01 -1.741080273859052241e+01
2.412121212121212110e+01 -1.655851295116777422e+01
2.442424242424242564e+01 -1.549261913328380480e+01
2.472727272727272663e+01 -1.449190069163071826e+01
2.503030303030303116e+01 -1.373650020418840967e+01
2.533333333333333570e+01 -1.301218609678581828e+01
2.563636363636363669e+01 -1.225086752700035397e+01
2.593939393939394122e+01 -1.204520413887646768e+01
2.624242424242424221e+01 -1.163550839390650715e+01
2.654545454545454675e+01 -1.103747709819475453e+01
2.684848484848484773e+01 -1.149398344690837881e+01
2.715151515151515227e+01 -1.177045896414287895e+01
2.745454545454545681e+01 -1.220837564012279408e+01
2.775757575757575779e+01 -1.314419386304558657e+01
2.806060606060606233e+01 -1.390057924883224771e+01
2.836363636363636331e+01 -1.491628947859508258e+01
2.866666666666666785e+01 -1.522626340513779297e+01
2.896969696969696884e+01 -1.606899108301109891e+01
2.927272727272727337e+01 -1.724802141516625298e+01
2.957575757575757791e+01 -1.821057763152973408e+01
2.987878787878787890e+01 -1.887665472435818970e+01
3.018181818181818343e+01 -1.882993724455661777e+01
3.048484848484848442e+01 -1.890613502887230979e+01
3.078787878787878896e+01 -1.928355282022742045e+01
3.109090909090909349e+01 -1.923232680954085438e+01
3.139393939393939448e+01 -1.829350313481664969e+01
3.169696969696969902e+01 -1.719141317532174185e+01
3.200000000000000000e+01 -1.602554665438431059e+01
