2.000000000000000000e+00 -1.276675805854798007e+01
2.303030303030303205e+00 -1.087939621647534771e+01
2.606060606060605966e+00 -9.733444295559143811e+00
2.909090909090909172e+00 -8.228807280373551691e+00
3.212121212121211933e+00 -6.775716894533774237e+00
3.515151515151515138e+00 -5.726716995671922383e+00
3.818181818181818343e+00 -4.604744704218260765e+00
4.121212121212121104e+00 -3.864849740392089394e+00
4.424242424242423866e+00 -3.246172167488608373e+00
4.727272727272727515e+00 -2.381217484344261948e+00
5.030303030303030276e+00 -3.365093012549350782e+00
5.333333333333333925e+00 -3.809309948340670715e+00
5.636363636363636687e+00 -4.520632032540276235e+00
5.939393939393939448e+00 -5.802309279693610655e+00
6.242424242424242209e+00 -7.216234696387465064e+00
6.545454545454545858e+00 -8.264242095067606542e+00
6.848484848484848619e+00 -9.853862770444308694e+00
7.151515151515151381e+00 -1.155552250654397994e+01
7.454545454545455030e+00 -1.243218732516054637e+01
7.757575757575757791e+00 -1.384018871167761233e+01
8.060606060606060552e+00 -1.435968615679265348e+01
8.363636363636363313e+00 -1.464695067578157328e+01
8.666666666666667851e+00 -1.519889344178239909e+01
8.969696969696968836e+00 -1.530309960019706139e+01
9.272727272727273373e+00 -1.388385400154365179e+01
9.575757575757576134e+00 -1.317683128978977258e+01
9.878787878787878896e+00 -1.265077064394983708e+01
1.018181818181818166e+01 -1.036437721662074374e+01
1.048484848484848442e+01 -7.522527320151881192e+00
1.078787878787878896e+01 -4.683367033313661665e+00
1.109090909090909172e+01 -1.454488861478673067e+00
1.139393939393939448e+01 2.439487889043784552e+00
1.169696969696969724e+01 6.735276579906589234e+00
1.200000000000000000e+01 1.140781828311526702e+01
1.230303030303030276e+01 1.605691615254976412e+01
1.260606060606060552e+01 2.063588127311588849e+01
1.290909090909091006e+01 2.557700298886144807e+01
1.321212121212121282e+01 2.967500856394895692e+01
1.351515151515151558e+01 3.265586850155828813e+01
1.381818181818181834e+01 3.488803173220167508e+01
1.412121212121212110e+01 3.573611279047468514e+01
1.442424242424242387e+01 3.523279176706637372e+01
1.472727272727272840e+01 3.335912058748958486e+01
1.503030303030303116e+01 3.081141257767848174e+01
1.533333333333333393e+01 2.672770958801486429e+01
1.563636363636363669e+01 2.235622114422874773e+01
1.593939393939393945e+01 1.790155186902427431e+01
1.624242424242424221e+01 1.291370876707266291e+01
1.654545454545454675e+01 8.103641274159787855e+00
1.684848484848485128e+01 3.861216218084156715e+00
1.715151515151515227e+01 -8.875870510179463546e-02
1.745454545454545325e+01 -3.547201379978355718e+00
1.775757575757575779e+01 -6.531141937112530549e+00
1.806060606060606233e+01 -9.196615011410369078e+00
1.836363636363636331e+01 -1.116200192285330672e+01
1.866666666666666785e+01 -1.270240892319665882e+01
1.896969696969696884e+01 -1.418030390375969496e+01
1.927272727272727337e+01 -1.513838015705142048e+01
1.957575757575757791e+01 -1.511246436558117345e+01
1.987878787878787890e+01 -1.456410960953991562e+01
2.018181818181818343e+01 -1.454077391212756432e+01
2.048484848484848442e+01 -1.387258590643036271e+01
2.078787878787878896e+01 -1.267920210149650906e+01
2.109090909090908994e+01 -1.164621947451393780e+01
2.139393939393939448e+01 -1.028406095376677776e+01
2.169696969696969902e+01 -8.651507752296110354e+00
2.200000000000000000e+01 -7.295848950582407788e+00
2.230303030303030454e+01 -6.139484403118969702e+00
2.260606060606060552e+01 -4.890424289321760654e+00
2.290909090909091006e+01 -4.062462754259881237e+00
2.321212121212121104e+01 -3.514992960204917249e+00
2.351515151515151558e+01 -2.550512091615951604e+00
2.381818181818182012e+01 -3.003294449676793931e+00
2.412121212121212110e+01 -3.597588071558219358e+00
2.442424242424242564e+01 -4.250235030082001764e+00
2.472727272727272663e+01 -5.472593352299043978e+00
2.503030303030303116e+01 -6.683505110066478849e+00
2.533333333333333570e+01 -8.126441767935329352e+00
2.563636363636363669e+01 -9.155648466794739093e+00
2.593939393939394122e+01 -1.076707633441053957e+01
2.624242424242424221e+01 -1.240550775434193476e+01
2.654545454545454675e+01 -1.339346655611029213e+01
2.684848484848484773e+01 -1.381141084359323301e+01
2.715151515151515227e+01 -1.462571405095199673e+01
2.745454545454545681e+01 -1.549491010386583056e+01
2.775757575757575779e+01 -1.535094844957372828e+01
2.806060606060606233e+01 -1.433119434603083953e+01
2.836363636363636331e+01 -1.365356951547121689e+01
2.866666666666666785e+01 -1.274762707410355134e+01
2.896969696969696884e+01 -1.077610082057736030e+01
2.927272727272727337e+01 -8.376276394551981141e+00
2.957575757575757791e+01 -5.893742337187526381e+00
2.987878787878787890e+01 -2.850149488306766177e+00
3.018181818181818343e+01 1.232423620428620081e+00
3.048484848484848442e+01 5.306633457589454927e+00
3.078787878787878896e+01 9.772692555406646164e+00
3.109090909090909349e+01 1.456831453106396879e+01
3.139393939393939448e+01 1.915339201315873296e+01
3.169696969696969902e+01 2.391849179660325575e+01
3.200000000000000000e+01 2.835083176154483198e+01
