2.000000000000000000e+00 -2.059860208863694808e+01
2.303030303030303205e+00 -1.959641862839106707e+01
2.606060606060605966e+00 -1.799105780532292442e+01
2.909090909090909172e+00 -1.830326756153042211e+01
3.212121212121211933e+00 -1.781855152915688834e+01
3.515151515151515138e+00 -1.572826757269709930e+01
3.818181818181818343e+00 -1.522009048493202599e+01
4.121212121212121104e+00 -1.515651971298459522e+01
4.424242424242423866e+00 -1.429085486038199626e+01
4.727272727272727515e+00 -1.447927833169276646e+01
5.030303030303030276e+00 -1.146441198646146198e+01
5.333333333333333925e+00 -7.608303765069214464e+00
5.636363636363636687e+00 -6.859609246174637853e+00
5.939393939393939448e+00 -6.927129856780338102e+00
6.242424242424242209e+00 -6.427096723955401103e+00
6.545454545454545858e+00 -4.050304038361702830e+00
6.848484848484848619e+00 -2.602937581715459636e+00
7.151515151515151381e+00 -1.452192835965581547e-02
7.454545454545455030e+00 1.407670022902868023e+00
7.757575757575757791e+00 1.355787258380765081e+00
8.060606060606060552e+00 2.203064577192509255e+00
8.363636363636363313e+00 5.116465018317878588e+00
8.666666666666667851e+00 5.357217122783311858e+00
8.969696969696968836e+00 5.667555521487726899e+00
9.272727272727273373e+00 7.149711523271237823e+00
9.575757575757576134e+00 8.379267393371693018e+00
9.878787878787878896e+00 8.578892945095349276e+00
1.018181818181818166e+01 9.117086751627729413e+00
1.048484848484848442e+01 7.891170534761715594e+00
1.078787878787878896e+01 8.666019691052522234e+00
1.109090909090909172e+01 9.155031231779851453e+00
1.139393939393939448e+01 8.348576996082105239e+00
1.169696969696969724e+01 7.408084660022749901e+00
1.200000000000000000e+01 7.074630958056647323e+00
1.230303030303030276e+01 6.674286585560095020e+00
1.260606060606060552e+01 5.869791237528406924e+00
1.290909090909091006e+01 4.049600856606000221e+00
1.321212121212121282e+01 2.861189987472817720e+00
1.351515151515151558e+01 1.202078299742325163e+00
1.381818181818181834e+01 -1.379518490973721478e+00
1.412121212121212110e+01 -1.757076511968315380e+00
1.442424242424242387e+01 -1.400893257966174366e+00
1.472727272727272840e+01 -3.688095199955128578e+00
1.503030303030303116e+01 -5.559939348073704046e+00
1.533333333333333393e+01 -7.036637998374620118e+00
1.563636363636363669e+01 -8.658803952939555515e+00
1.593939393939393945e+01 -1.115714302345792497e+01
1.624242424242424221e+01 -1.157396367637960388e+01
1.654545454545454675e+01 -1.087660490711645345e+01
1.684848484848485128e+01 -1.511161768374303982e+01
1.715151515151515227e+01 -1.595725186438791710e+01
1.745454545454545325e+01 -1.581352357186081825e+01
1.775757575757575779e+01 -1.650464943580625032e+01
1.806060606060606233e+01 -1.792370556248828706e+01
1.836363636363636331e+01 -1.838786693508729542e+01
1.866666666666666785e+01 -1.894963417170505338e+01
1.896969696969696884e+01 -1.929204906294720701e+01
1.927272727272727337e+01 -1.993821462328668304e+01
1.957575757575757791e+01 -2.059637197034345135e+01
1.987878787878787890e+01 -2.176719255702891687e+01
2.018181818181818343e+01 -2.326529323068103849e+01
2.048484848484848442e+01 -2.275230071486205219e+01
2.078787878787878896e+01 -1.988638932345388355e+01
2.109090909090908994e+01 -1.842699204347628239e+01
2.139393939393939448e+01 -1.907005477330924847e+01
2.169696969696969902e+01 -1.975480690645846238e+01
2.200000000000000000e+01 -2.104283041947553201e+01
2.230303030303030454e+01 -2.070867381634418791e+01
2.260606060606060552e+01 -1.906812659101158047e+01
2.290909090909091006e+01 -1.783512892690096407e+01
2.321212121212121104e+01 -1.710693107061414509e+01
2.351515151515151558e+01 -1.570868879268650176e+01
2.381818181818182012e+01 -1.417621566621186702e+01
2.412121212121212110e+01 -1.257522860516959362e+01
2.442424242424242564e+01 -1.094165754659890410e+01
2.472727272727272663e+01 -9.529622154437292991e+00
2.503030303030303116e+01 -7.599932648708028537e+00
2.533333333333333570e+01 -5.637857508866946254e+00
2.563636363636363669e+01 -3.540210240433105948e+00
2.593939393939394122e+01 -1.128409631181958694e+00
2.624242424242424221e+01 1.300157646241657305e+00
2.654545454545454675e+01 3.888334446497223595e+00
2.684848484848484773e+01 6.536194431031002949e+00
2.715151515151515227e+01 9.709368872934090788e+00
2.745454545454545681e+01 1.242000149196449321e+01
2.775757575757575779e+01 1.504578886541692384e+01
2.806060606060606233e+01 1.782933122127804282e+01
2.836363636363636331e+01 2.090315063605481072e+01
2.866666666666666785e+01 2.363385933915586534e+01
2.896969696969696884e+01 2.718643956262544137e+01
2.927272727272727337e+01 3.047253601853817173e+01
2.957575757575757791e+01 3.341514365553563692e+01
2.987878787878787890e+01 3.567188764471865170e+01
3.018181818181818343e+01 3.760776312979291447e+01
3.048484848484848442e+01 3.976662130272492846e+01
3.078787878787878896e+01 4.139834104889694544e+01
3.109090909090909349e+01 4.289917307253664802e+01
3.139393939393939448e+01 4.384371161064036215e+01
3.169696969696969902e+01 4.472775651369316563e+01
3.200000000000000000e+01 4.395722715039343598e+01
