2.000000000000000000e+00 -2.349332638935233319e+01
2.303030303030303205e+00 -2.320204438927199675e+01
2.606060606060605966e+00 -2.254220909728113043e+01
2.909090909090909172e+00 -2.200067502487533844e+01
3.212121212121211933e+00 -2.173039721674715352e+01
3.515151515151515138e+00 -2.110783438353335129e+01
3.818181818181818343e+00 -2.018659467769197846e+01
4.121212121212121104e+00 -1.984499933114734205e+01
4.424242424242423866e+00 -1.941417851867399946e+01
4.727272727272727515e+00 -1.873317119692414678e+01
5.030303030303030276e+00 -1.853957569531172922e+01
5.333333333333333925e+00 -1.793702211166279881e+01
5.636363636363636687e+00 -1.788505465148051599e+01
5.939393939393939448e+00 -1.751429825112832006e+01
6.242424242424242209e+00 -1.744951676923966488e+01
6.545454545454545858e+00 -1.789332188211946928e+01
6.848484848484848619e+00 -1.808980133560875814e+01
7.151515151515151381e+00 -1.822122552575587306e+01
7.454545454545455030e+00 -1.875927858055547759e+01
7.757575757575757791e+00 -1.956303558298795053e+01
8.060606060606060552e+00 -2.036356074879099509e+01
8.363636363636363313e+00 -2.057355429945715741e+01
8.666666666666667851e+00 -2.075083991000902728e+01
8.969696969696968836e+00 -2.162973262039789901e+01
9.272727272727273373e+00 -2.240952924788347289e+01
9.575757575757576134e+00 -2.278453464286311458e+01
9.878787878787878896e+00 -2.309143992812764523e+01
1.018181818181818166e+01 -2.317876852205858285e+01
1.048484848484848442e+01 -2.325534450838908285e+01
1.078787878787878896e+01 -2.281231743085254138e+01
1.109090909090909172e+01 -2.236519801289329834e+01
1.139393939393939448e+01 -2.194396770531201923e+01
1.169696969696969724e+01 -2.106586449750797385e+01
1.200000000000000000e+01 -1.993350117730638260e+01
1.230303030303030276e+01 -1.847026196719498969e+01
1.260606060606060552e+01 -1.678386850248406148e+01
1.290909090909091006e+01 -1.452486606751179643e+01
1.321212121212121282e+01 -1.201085761211653136e+01
1.351515151515151558e+01 -9.155804351920522777e+00
1.381818181818181834e+01 -5.905937317005198750e+00
1.412121212121212110e+01 -1.740371911196421983e+00
1.442424242424242387e+01 2.692612293422524949e+00
1.472727272727272840e+01 7.557029853876697345e+00
1.503030303030303116e+01 1.306040899316895043e+01
1.533333333333333393e+01 1.908075525722438925e+01
1.563636363636363669e+01 2.547383414255061140e+01
1.593939393939393945e+01 3.207249182049191916e+01
1.624242424242424221e+01 3.885890205496620808e+01
1.654545454545454675e+01 4.591528880790387745e+01
1.684848484848485128e+01 5.287989232840116927e+01
1.715151515151515227e+01 5.878444599246602564e+01
1.745454545454545325e+01 6.339715514494145054e+01
1.775757575757575779e+01 6.698169925048171081e+01
1.806060606060606233e+01 6.893227410732937699e+01
1.836363636363636331e+01 6.901491236457421508e+01
1.866666666666666785e+01 6.681935109188340505e+01
1.896969696969696884e+01 6.325168077059060323e+01
1.927272727272727337e+01 5.890048640895336973e+01
1.957575757575757791e+01 5.276370194694793980e+01
1.987878787878787890e+01 4.591519630441066369e+01
2.018181818181818343e+01 3.912729625425016877e+01
2.048484848484848442e+01 3.219688508306794716e+01
2.078787878787878896e+01 2.542961549409904620e+01
2.109090909090908994e+01 1.893959777434895031e+01
2.139393939393939448e+01 1.296683607115713066e+01
2.169696969696969902e+01 7.709047022779076386e+00
2.200000000000000000e+01 2.745941736339282180e+00
2.230303030303030454e+01 -1.741087353944116289e+00
2.260606060606060552e+01 -5.646244099634219360e+00
2.290909090909091006e+01 -8.849270148509123857e+00
2.321212121212121104e+01 -1.191725735039550749e+01
2.351515151515151558e+01 -1.457134156369471434e+01
2.381818181818182012e+01 -1.665674450916216642e+01
2.412121212121212110e+01 -1.847621885586704593e+01
2.442424242424242564e+01 -2.010577730148058606e+01
2.472727272727272663e+01 -2.106838746634460335e+01
2.503030303030303116e+01 -2.182306850612263460e+01
2.533333333333333570e+01 -2.251708833995034453e+01
2.563636363636363669e+01 -2.291202795269778747e+01
2.593939393939394122e+01 -2.317699569995887288e+01
2.624242424242424221e+01 -2.325350561812778594e+01
2.654545454545454675e+01 -2.298407095723052507e+01
2.684848484848484773e+01 -2.268280690859816318e+01
2.715151515151515227e+01 -2.235045341271282737e+01
2.745454545454545681e+01 -2.176564689213737935e+01
2.775757575757575779e+01 -2.099622047317900808e+01
2.806060606060606233e+01 -2.044279799429736144e+01
2.836363636363636331e+01 -1.989810991878801261e+01
2.866666666666666785e+01 -1.954571489172943544e+01
2.896969696969696884e+01 -1.880878554520322155e+01
2.927272727272727337e+01 -1.830030862684693815e+01
2.957575757575757791e+01 -1.827679577572230585e+01
2.987878787878787890e+01 -1.786181339672941348e+01
3.018181818181818343e+01 -1.754023035646625317e+01
3.048484848484848442e+01 -1.748099034010122566e+01
3.078787878787878896e+01 -1.782259054796703879e+01
3.109090909090909349e+01 -1.802406929464126151e+01
3.139393939393939448e+01 -1.827178979062191289e+01
3.169696969696969902e+01 -1.886338515098125512e+01
3.200000000000000000e+01 -1.953535710772128198e+01
