2.000000000000000000e+00 -1.607415965042503814e+01
2.303030303030303205e+00 -1.395489439476301463e+01
2.606060606060605966e+00 -1.429647565754170380e+01
2.909090909090909172e+00 -1.296254615152232148e+01
3.212121212121211933e+00 -1.097597087118420767e+01
3.515151515151515138e+00 -1.051874035230308380e+01
3.818181818181818343e+00 -9.455635117752731134e+00
4.121212121212121104e+00 -6.332564118728106983e+00
4.424242424242423866e+00 -2.966126345938504105e+00
4.727272727272727515e+00 -1.872181041314169736e+00
5.030303030303030276e+00 -1.101277355991028495e+00
5.333333333333333925e+00 1.503838816200092188e+00
5.636363636363636687e+00 4.222888199461292125e+00
5.939393939393939448e+00 6.168198216698355552e+00
6.242424242424242209e+00 7.175324581316299799e+00
6.545454545454545858e+00 9.041907809982834721e+00
6.848484848484848619e+00 1.118892321695418524e+01
7.151515151515151381e+00 1.186634943048732183e+01
7.454545454545455030e+00 1.373345531555292531e+01
7.757575757575757791e+00 1.479242082619885146e+01
8.060606060606060552e+00 1.536554924532910782e+01
8.363636363636363313e+00 1.505296561256480814e+01
8.666666666666667851e+00 1.490161775618328832e+01
8.969696969696968836e+00 1.527719119393135294e+01
9.272727272727273373e+00 1.419777513316844164e+01
9.575757575757576134e+00 1.333285391777576123e+01
9.878787878787878896e+00 1.278942645484757712e+01
1.018181818181818166e+01 1.120769642426166968e+01
1.048484848484848442e+01 9.320820350259205966e+00
1.078787878787878896e+01 7.046575811629941732e+00
1.109090909090909172e+01 4.860493132643382452e+00
1.139393939393939448e+01 3.755317582148259170e+00
1.169696969696969724e+01 2.146844404494149483e+00
1.200000000000000000e+01 -6.117969600847072975e-01
1.230303030303030276e+01 -2.736619975829458706e+00
1.260606060606060552e+01 -5.114631881728350038e+00
1.290909090909091006e+01 -5.603449697927116446e+00
1.321212121212121282e+01 -8.028378965190681171e+00
1.351515151515151558e+01 -1.144650128840262404e+01
1.381818181818181834e+01 -1.142268136505161991e+01
1.412121212121212110e+01 -1.243450019043606858e+01
1.442424242424242387e+01 -1.446516584288208307e+01
1.472727272727272840e+01 -1.452925473018292557e+01
1.503030303030303116e+01 -1.512411863453838912e+01
1.533333333333333393e+01 -1.636643286844133982e+01
1.563636363636363669e+01 -1.880573721499542117e+01
1.593939393939393945e+01 -1.979255146705598278e+01
1.624242424242424221e+01 -1.823957554063189335e+01
1.654545454545454675e+01 -1.799715853019963419e+01
1.684848484848485128e+01 -1.878511151383147038e+01
1.715151515151515227e+01 -1.691874530044929159e+01
1.745454545454545325e+01 -1.888156433369384857e+01
1.775757575757575779e+01 -1.901571611382783189e+01
1.806060606060606233e+01 -1.689948344873212704e+01
1.836363636363636331e+01 -1.585093599420338251e+01
1.866666666666666785e+01 -1.483599476219726299e+01
1.896969696969696884e+01 -1.390230649250765183e+01
1.927272727272727337e+01 -1.263323150806203721e+01
1.957575757575757791e+01 -1.111653775662563781e+01
1.987878787878787890e+01 -8.860529212383315922e+00
2.018181818181818343e+01 -6.775906681865603964e+00
2.048484848484848442e+01 -4.770059498252779306e+00
2.078787878787878896e+01 -2.579866000046747931e+00
2.109090909090908994e+01 -1.599337520923617417e-01
2.139393939393939448e+01 2.492051399407103851e+00
2.169696969696969902e+01 5.254213032596729782e+00
2.200000000000000000e+01 8.142528773050369040e+00
2.230303030303030454e+01 1.053572519242714201e+01
2.260606060606060552e+01 1.292713613061063604e+01
2.290909090909091006e+01 1.608866602544818036e+01
2.321212121212121104e+01 1.953836990188214884e+01
2.351515151515151558e+01 2.214822767395349956e+01
2.381818181818182012e+01 2.424721215966894761e+01
2.412121212121212110e+01 2.610058944007726112e+01
2.442424242424242564e+01 2.757659754746554270e+01
2.472727272727272663e+01 2.902089704378117929e+01
2.503030303030303116e+01 3.037070041763393746e+01
2.533333333333333570e+01 3.057122197996408630e+01
2.563636363636363669e+01 3.049997468598083472e+01
2.593939393939394122e+01 3.037785601858124096e+01
2.624242424242424221e+01 2.891288461808102994e+01
2.654545454545454675e+01 2.752073827210066526e+01
2.684848484848484773e+01 2.643133463951462403e+01
2.715151515151515227e+01 2.475711971342527562e+01
2.745454545454545681e+01 2.190789786962851338e+01
2.775757575757575779e+01 1.847642930753326596e+01
2.806060606060606233e+01 1.613311450935425029e+01
2.836363636363636331e+01 1.416745693352332935e+01
2.866666666666666785e+01 1.140044995121385440e+01
2.896969696969696884e+01 8.534613867032176060e+00
2.927272727272727337e+01 5.268678233185970505e+00
2.957575757575757791e+01 2.049154765158985203e+00
2.987878787878787890e+01 -4.226295872253531538e-01
3.018181818181818343e+01 -2.340140286952242299e+00
3.048484848484848442e+01 -4.348164543867423681e+00
3.078787878787878896e+01 -6.820427876870954975e+00
3.109090909090909349e+01 -9.002651028053175963e+00
3.139393939393939448e+01 -1.069874683780184377e+01
3.169696969696969902e+01 -1.208006458753191481e+01
3.200000000000000000e+01 -1.372363727748777151e+01
