2.000000000000000000e+00 7.862333109567871681e-01
2.303030303030303205e+00 3.594970231182855525e+00
2.606060606060605966e+00 6.688496162080462604e+00
2.909090909090909172e+00 9.287544710787310365e+00
3.212121212121211933e+00 1.138613826184611177e+01
3.515151515151515138e+00 1.299160835296216732e+01
3.818181818181818343e+00 1.327357979438481017e+01
4.121212121212121104e+00 1.316179388654243887e+01
4.424242424242423866e+00 1.206414637050935212e+01
4.727272727272727515e+00 1.001642867721088592e+01
5.030303030303030276e+00 7.299372700170017936e+00
5.333333333333333925e+00 4.643166696550848016e+00
5.636363636363636687e+00 1.454218782227047591e+00
5.939393939393939448e+00 -1.370577504332951779e+00
6.242424242424242209e+00 -4.208611994505435661e+00
6.545454545454545858e+00 -6.336955040503990055e+00
6.848484848484848619e+00 -8.308404560826817331e+00
7.151515151515151381e+00 -1.003524065121330722e+01
7.454545454545455030e+00 -1.015156003036360843e+01
7.757575757575757791e+00 -1.117836435336499612e+01
8.060606060606060552e+00 -1.087379512274902815e+01
8.363636363636363313e+00 -9.712195817534057696e+00
8.666666666666667851e+00 -8.521239763910926968e+00
8.969696969696968836e+00 -6.744864081124646304e+00
9.272727272727273373e+00 -4.668247926121876112e+00
9.575757575757576134e+00 -2.029342191389354788e+00
9.878787878787878896e+00 7.930042119214327778e-01
1.018181818181818166e+01 3.330814333633833613e+00
1.048484848484848442e+01 6.061756141024961408e+00
1.078787878787878896e+01 8.333572647801064548e+00
1.109090909090909172e+01 9.933901423716498869e+00
1.139393939393939448e+01 1.078480664781956833e+01
1.169696969696969724e+01 1.083460191432069131e+01
1.200000000000000000e+01 1.027155633146735525e+01
1.230303030303030276e+01 8.920692969422969298e+00
1.260606060606060552e+01 6.687830066220862513e+00
1.290909090909091006e+01 4.237104805331301627e+00
1.321212121212121282e+01 1.712071770487226585e+00
1.351515151515151558e+01 -1.391303807284330452e+00
1.381818181818181834e+01 -4.011012854384812698e+00
1.412121212121212110e+01 -6.144112902072596860e+00
1.442424242424242387e+01 -7.946007037995464373e+00
1.472727272727272840e+01 -9.434649647762963554e+00
1.503030303030303116e+01 -1.060122148339523207e+01
1.533333333333333393e+01 -1.070436508316637436e+01
1.563636363636363669e+01 -1.074094495191669019e+01
1.593939393939393945e+01 -1.024255796972869881e+01
1.624242424242424221e+01 -8.905970143514876369e+00
1.654545454545454675e+01 -6.936720850235987612e+00
1.684848484848485128e+01 -4.971043988232505484e+00
1.715151515151515227e+01 -2.164464596696471510e+00
1.745454545454545325e+01 6.412432189705321584e-01
1.775757575757575779e+01 3.577568096854190305e+00
1.806060606060606233e+01 6.654876004875311502e+00
1.836363636363636331e+01 9.267589626330400066e+00
1.866666666666666785e+01 1.141071437678442635e+01
1.896969696969696884e+01 1.288330144253583320e+01
1.927272727272727337e+01 1.332638610744778873e+01
1.957575757575757791e+01 1.325344633489481971e+01
1.987878787878787890e+01 1.204568181537212190e+01
2.018181818181818343e+01 9.941743821403377979e+00
2.048484848484848442e+01 7.253669563785118513e+00
2.078787878787878896e+01 4.620215107303781821e+00
2.109090909090908994e+01 1.582284802009233715e+00
2.139393939393939448e+01 -1.502833228521960551e+00
2.169696969696969902e+01 -3.933608502750889802e+00
2.200000000000000000e+01 -6.358077379805885165e+00
2.230303030303030454e+01 -8.639569721398263624e+00
2.260606060606060552e+01 -9.837092044673074298e+00
2.290909090909091006e+01 -1.060625696683132091e+01
2.321212121212121104e+01 -1.093274307928733258e+01
2.351515151515151558e+01 -1.051050076226673546e+01
2.381818181818182012e+01 -9.694046399665642966e+00
2.412121212121212110e+01 -8.865737971920625071e+00
2.442424242424242564e+01 -6.631767585602772463e+00
2.472727272727272663e+01 -4.578129712239515037e+00
2.503030303030303116e+01 -2.088272475577323206e+00
2.533333333333333570e+01 8.148058542341978239e-01
2.563636363636363669e+01 3.412189244414650435e+00
2.593939393939394122e+01 6.008293778173750432e+00
2.624242424242424221e+01 8.289948738618615920e+00
2.654545454545454675e+01 9.914815817993980929e+00
2.684848484848484773e+01 1.080209269726075227e+01
2.715151515151515227e+01 1.081716323996708518e+01
2.745454545454545681e+01 1.031940049809872662e+01
2.775757575757575779e+01 8.892823414620160349e+00
2.806060606060606233e+01 6.749970187599077853e+00
2.836363636363636331e+01 4.055745542412156013e+00
2.866666666666666785e+01 1.708159324054129735e+00
2.896969696969696884e+01 -1.222726141718808002e+00
2.927272727272727337e+01 -3.817914696392552543e+00
2.957575757575757791e+01 -6.169859390370525887e+00
2.987878787878787890e+01 -8.134992060437891581e+00
3.018181818181818343e+01 -9.390287690439471646e+00
3.048484848484848442e+01 -1.073746306751378654e+01
3.078787878787878896e+01 -1.076853795683219772e+01
3.109090909090909349e+01 -1.046365847456285536e+01
3.139393939393939448e+01 -1.041175172576659413e+01
3.169696969696969902e+01 -8.846237321294314171e+00
3.200000000000000000e+01 -7.047749529348711128e+00
