2.000000000000000000e+00 -4.238822640167576594e+00
2.303030303030303205e+00 -1.606172700649167062e+00
2.606060606060605966e+00 6.324011912626990028e-01
2.909090909090909172e+00 3.290346413939356118e+00
3.212121212121211933e+00 5.262627849278367798e+00
3.515151515151515138e+00 7.030947172503855924e+00
3.818181818181818343e+00 8.502038649759084521e+00
4.121212121212121104e+00 8.724230246108835019e+00
4.424242424242423866e+00 8.807538632958674896e+00
4.727272727272727515e+00 8.261052720424167717e+00
5.030303030303030276e+00 6.955677200014102723e+00
5.333333333333333925e+00 4.792964145506851459e+00
5.636363636363636687e+00 2.582754223740453714e+00
5.939393939393939448e+00 3.959339740633497362e-01
6.242424242424242209e+00 -2.343970756280604473e+00
6.545454545454545858e+00 -4.647594970616474974e+00
6.848484848484848619e+00 -7.217030553046392960e+00
7.151515151515151381e+00 -8.632723266444070731e+00
7.454545454545455030e+00 -9.683029005048759075e+00
7.757575757575757791e+00 -1.147824063620675972e+01
8.060606060606060552e+00 -1.229125253983239219e+01
8.363636363636363313e+00 -1.137292602462130020e+01
8.666666666666667851e+00 -1.182371682496836485e+01
8.969696969696968836e+00 -1.169117661662563634e+01
9.272727272727273373e+00 -9.743802728115095846e+00
9.575757575757576134e+00 -8.016718440552979885e+00
9.878787878787878896e+00 -5.563563573666980844e+00
1.018181818181818166e+01 -2.854948670969157831e+00
1.048484848484848442e+01 9.184343090463738257e-02
1.078787878787878896e+01 3.407407284453911611e+00
1.109090909090909172e+01 6.617590921607048315e+00
1.139393939393939448e+01 9.863066849945067105e+00
1.169696969696969724e+01 1.312800236572926593e+01
1.200000000000000000e+01 1.550211184088366245e+01
1.230303030303030276e+01 1.727544097425426273e+01
1.260606060606060552e+01 1.815342545313626843e+01
1.290909090909091006e+01 1.810302771882232165e+01
1.321212121212121282e+01 1.713757679949919677e+01
1.351515151515151558e+01 1.554808376871530662e+01
1.381818181818181834e+01 1.290993316648798483e+01
1.412121212121212110e+01 9.824529820694454685e+00
1.442424242424242387e+01 6.795711683673870240e+00
1.472727272727272840e+01 3.254942507550188768e+00
1.503030303030303116e+01 -1.345881196109157685e-01
1.533333333333333393e+01 -2.861394060669876449e+00
1.563636363636363669e+01 -5.559307587103474724e+00
1.593939393939393945e+01 -7.764215397251887474e+00
1.624242424242424221e+01 -9.742727195388210859e+00
1.654545454545454675e+01 -1.115700298970619286e+01
1.684848484848485128e+01 -1.171318425757761972e+01
1.715151515151515227e+01 -1.194890131088261676e+01
1.745454545454545325e+01 -1.184653262571762511e+01
1.775757575757575779e+01 -1.121759691301298112e+01
1.806060606060606233e+01 -9.529447464687050839e+00
1.836363636363636331e+01 -8.733819179554116019e+00
1.866666666666666785e+01 -6.765019898319336811e+00
1.896969696969696884e+01 -4.372129431913265307e+00
1.927272727272727337e+01 -2.093715408058970606e+00
1.957575757575757791e+01 4.758843887990346633e-01
1.987878787878787890e+01 2.991203680546058674e+00
2.018181818181818343e+01 5.072847091954379550e+00
2.048484848484848442e+01 6.928760516866175223e+00
2.078787878787878896e+01 8.265499258820954154e+00
2.109090909090908994e+01 8.799713256847537579e+00
2.139393939393939448e+01 8.834920185357843181e+00
2.169696969696969902e+01 8.419164975575680998e+00
2.200000000000000000e+01 6.995100037288548123e+00
2.230303030303030454e+01 5.019588536300367387e+00
2.260606060606060552e+01 2.715919467241684870e+00
2.290909090909091006e+01 6.385383872126624283e-01
2.321212121212121104e+01 -1.924130549351931174e+00
2.351515151515151558e+01 -4.602384889621390585e+00
2.381818181818182012e+01 -6.783266114124312907e+00
2.412121212121212110e+01 -8.180760679760657794e+00
2.442424242424242564e+01 -1.002309255611417349e+01
2.472727272727272663e+01 -1.146386105361450447e+01
2.503030303030303116e+01 -1.202756497193281859e+01
2.533333333333333570e+01 -1.198721529692272902e+01
2.563636363636363669e+01 -1.147334053873615645e+01
2.593939393939394122e+01 -1.139399712032846246e+01
2.624242424242424221e+01 -9.824959398707076019e+00
2.654545454545454675e+01 -8.615124474252208842e+00
2.684848484848484773e+01 -5.862830198677450255e+00
2.715151515151515227e+01 -2.909989080250484417e+00
2.745454545454545681e+01 -3.405660738900557760e-01
2.775757575757575779e+01 3.095096185559390367e+00
2.806060606060606233e+01 6.392694249645606952e+00
2.836363636363636331e+01 9.557461101392336289e+00
2.866666666666666785e+01 1.272796462404114060e+01
2.896969696969696884e+01 1.523933537822393447e+01
2.927272727272727337e+01 1.714046802159419869e+01
2.957575757575757791e+01 1.810632094717007234e+01
2.987878787878787890e+01 1.807375699048609619e+01
3.018181818181818343e+01 1.738697225961417203e+01
3.048484848484848442e+01 1.569916314212475505e+01
3.078787878787878896e+01 1.329018736260049671e+01
3.109090909090909349e+01 9.995011945602589876e+00
3.139393939393939448e+01 6.981405927758217445e+00
3.169696969696969902e+01 3.784138515069835673e+00
3.200000000000000000e+01 4.105824848440529640e-01
