2.000000000000000000e+00 -1.252886290674099001e+01
2.303030303030303205e+00 -1.161624998954431298e+01
2.606060606060605966e+00 -1.021542828584643203e+01
2.909090909090909172e+00 -8.985698070740891552e+00
3.212121212121211933e+00 -7.805963773120685900e+00
3.515151515151515138e+00 -4.284743009313589646e+00
3.818181818181818343e+00 -1.532690146469818160e+00
4.121212121212121104e+00 -3.266251197907495962e-01
4.424242424242423866e+00 1.941351696386605763e+00
4.727272727272727515e+00 4.583214482683362512e+00
5.030303030303030276e+00 6.575723996132991189e+00
5.333333333333333925e+00 7.905888536733201910e+00
5.636363636363636687e+00 1.031398914236086917e+01
5.939393939393939448e+00 1.142659754376056469e+01
6.242424242424242209e+00 1.300027667646747531e+01
6.545454545454545858e+00 1.409062295367539619e+01
6.848484848484848619e+00 1.413176973933325797e+01
7.151515151515151381e+00 1.400748255410099929e+01
7.454545454545455030e+00 1.423395870089246351e+01
7.757575757575757791e+00 1.318057516070543222e+01
8.060606060606060552e+00 1.242651826863719222e+01
8.363636363636363313e+00 1.127112302488876416e+01
8.666666666666667851e+00 9.151831250994014511e+00
8.969696969696968836e+00 7.000172718333861788e+00
9.272727272727273373e+00 4.485037937461138213e+00
9.575757575757576134e+00 3.406229656606956535e+00
9.878787878787878896e+00 1.132099459859549739e+00
1.018181818181818166e+01 -1.590565003330902227e+00
1.048484848484848442e+01 -4.369854055366808154e+00
1.078787878787878896e+01 -5.636269351794885196e+00
1.109090909090909172e+01 -8.276869490062990664e+00
1.139393939393939448e+01 -1.038849450405021280e+01
1.169696969696969724e+01 -1.095260489795329661e+01
1.200000000000000000e+01 -1.259140266173549350e+01
1.230303030303030276e+01 -1.324202955781414737e+01
1.260606060606060552e+01 -1.490708602407364936e+01
1.290909090909091006e+01 -1.560785925073630231e+01
1.321212121212121282e+01 -1.827800590642469913e+01
1.351515151515151558e+01 -1.704920837292919344e+01
1.381818181818181834e+01 -1.613399368757584185e+01
1.412121212121212110e+01 -1.690342096639530212e+01
1.442424242424242387e+01 -1.756652453818005455e+01
1.472727272727272840e+01 -1.750792725325572974e+01
1.503030303030303116e+01 -1.531065596961333419e+01
1.533333333333333393e+01 -1.470037044941251914e+01
1.563636363636363669e+01 -1.320307784674303342e+01
1.593939393939393945e+01 -1.222250289894315856e+01
1.624242424242424221e+01 -1.065511584879017803e+01
1.654545454545454675e+01 -8.484909480264258619e+00
1.684848484848485128e+01 -6.373839063069663524e+00
1.715151515151515227e+01 -4.000665039771331699e+00
1.745454545454545325e+01 -1.224295196341273595e+00
1.775757575757575779e+01 1.625516948712987464e+00
1.806060606060606233e+01 4.314810526199718943e+00
1.836363636363636331e+01 7.169315334108058657e+00
1.866666666666666785e+01 9.598370542769556479e+00
1.896969696969696884e+01 1.254621412161134941e+01
1.927272727272727337e+01 1.619135283826735261e+01
1.957575757575757791e+01 1.918309090967312969e+01
1.987878787878787890e+01 2.125902552159062253e+01
2.018181818181818343e+01 2.306104890854545886e+01
2.048484848484848442e+01 2.469504864723640480e+01
2.078787878787878896e+01 2.607396280815596512e+01
2.109090909090908994e+01 2.663188167003813689e+01
2.139393939393939448e+01 2.644777824549339229e+01
2.169696969696969902e+01 2.622887782899085352e+01
2.200000000000000000e+01 2.463593853342281292e+01
2.230303030303030454e+01 2.339689828558040574e+01
2.260606060606060552e+01 2.192755486926019515e+01
2.290909090909091006e+01 1.925311479732215147e+01
2.321212121212121104e+01 1.575683161677071098e+01
2.351515151515151558e+01 1.352113520440728145e+01
2.381818181818182012e+01 1.098614022057801520e+01
2.412121212121212110e+01 7.902096854683050786e+00
2.442424242424242564e+01 4.798092422841042648e+00
2.472727272727272663e+01 1.506478229017039761e+00
2.503030303030303116e+01 -8.267780017373308477e-01
2.533333333333333570e+01 -3.152417453333152153e+00
2.563636363636363669e+01 -5.718271446074667530e+00
2.593939393939394122e+01 -8.205727053663858683e+00
2.624242424242424221e+01 -9.892958086638383719e+00
2.654545454545454675e+01 -1.098561113928668220e+01
2.684848484848484773e+01 -1.300937427767413013e+01
2.715151515151515227e+01 -1.459158875492660634e+01
2.745454545454545681e+01 -1.561316329980031981e+01
2.775757575757575779e+01 -1.614289928550625675e+01
2.806060606060606233e+01 -1.636994219092031955e+01
2.836363636363636331e+01 -1.675176772200526543e+01
2.866666666666666785e+01 -1.643753621732910730e+01
2.896969696969696884e+01 -1.679840230689118385e+01
2.927272727272727337e+01 -1.682032800407684903e+01
2.957575757575757791e+01 -1.603513878019379746e+01
2.987878787878787890e+01 -1.415535321404964009e+01
3.018181818181818343e+01 -1.291767275183280894e+01
3.048484848484848442e+01 -1.236562287440098551e+01
3.078787878787878896e+01 -1.147189626431589460e+01
3.109090909090909349e+01 -9.624756922262639236e+00
3.139393939393939448e+01 -7.499578450338491464e+00
3.169696969696969902e+01 -5.914135817838914733e+00
3.200000000000000000e+01 -3.358977620664096886e+00
