2.000000000000000000e+00 -1.910075772698840879e+01
2.303030303030303205e+00 -1.761412629440390631e+01
2.606060606060605966e+00 -1.775460727185818399e+01
2.909090909090909172e+00 -1.855741085509578880e+01
3.212121212121211933e+00 -1.938677309414067196e+01
3.515151515151515138e+00 -1.808765526737154872e+01
3.818181818181818343e+00 -1.612226777076545403e+01
4.121212121212121104e+00 -1.544855203533007604e+01
4.424242424242423866e+00 -1.568974408330979209e+01
4.727272727272727515e+00 -1.643487174671174600e+01
5.030303030303030276e+00 -1.691477370552927795e+01
5.333333333333333925e+00 -1.631759080784511440e+01
5.636363636363636687e+00 -1.495805340850613341e+01
5.939393939393939448e+00 -1.321485935718117233e+01
6.242424242424242209e+00 -1.216942846720218796e+01
6.545454545454545858e+00 -1.190697281566799681e+01
6.848484848484848619e+00 -1.178124961266778037e+01
7.151515151515151381e+00 -1.170134839821962913e+01
7.454545454545455030e+00 -1.161792440258698100e+01
7.757575757575757791e+00 -1.070537172837085294e+01
8.060606060606060552e+00 -9.174723007408662312e+00
8.363636363636363313e+00 -7.900329125940625197e+00
8.666666666666667851e+00 -7.331201954302285273e+00
8.969696969696968836e+00 -6.717540622205460110e+00
9.272727272727273373e+00 -5.953802125883656871e+00
9.575757575757576134e+00 -5.270033390678338314e+00
9.878787878787878896e+00 -4.048294587000866862e+00
1.018181818181818166e+01 -2.649507266125861626e+00
1.048484848484848442e+01 -1.929728494362538127e+00
1.078787878787878896e+01 -1.105923102293505655e+00
1.109090909090909172e+01 -2.555163073486328429e-01
1.139393939393939448e+01 3.243704126422153888e-01
1.169696969696969724e+01 1.956179206923051916e+00
1.200000000000000000e+01 3.619233316466524464e+00
1.230303030303030276e+01 4.111702442788639722e+00
1.260606060606060552e+01 5.174685393066034145e+00
1.290909090909091006e+01 6.262431788892880213e+00
1.321212121212121282e+01 6.858947089757164051e+00
1.351515151515151558e+01 8.021741833355584106e+00
1.381818181818181834e+01 8.974409483501585072e+00
1.412121212121212110e+01 1.005788851905787595e+01
1.442424242424242387e+01 1.106900269684264160e+01
1.472727272727272840e+01 1.261061703407554191e+01
1.503030303030303116e+01 1.427312252364643896e+01
1.533333333333333393e+01 1.524293403526032797e+01
1.563636363636363669e+01 1.610861536026486007e+01
1.593939393939393945e+01 1.656248098367279553e+01
1.624242424242424221e+01 1.759754621255519780e+01
1.654545454545454675e+01 1.858546592745064885e+01
1.684848484848485128e+01 1.962730796915962017e+01
1.715151515151515227e+01 2.053845731320132018e+01
1.745454545454545325e+01 2.114656606123506322e+01
1.775757575757575779e+01 2.164950012528401402e+01
1.806060606060606233e+01 2.248030883285301229e+01
1.836363636363636331e+01 2.328287697031680636e+01
1.866666666666666785e+01 2.417424393781451641e+01
1.896969696969696884e+01 2.487581317285507509e+01
1.927272727272727337e+01 2.488961286132494877e+01
1.957575757575757791e+01 2.544399187763862358e+01
1.987878787878787890e+01 2.545302892131810424e+01
2.018181818181818343e+01 2.601043964367368844e+01
2.048484848484848442e+01 2.634661089091746433e+01
2.078787878787878896e+01 2.682987842978587878e+01
2.109090909090908994e+01 2.619981953609659797e+01
2.139393939393939448e+01 2.571216360401072976e+01
2.169696969696969902e+01 2.637312229012935916e+01
2.200000000000000000e+01 2.658479660654477073e+01
2.230303030303030454e+01 2.639705184701342588e+01
2.260606060606060552e+01 2.611596616525186221e+01
2.290909090909091006e+01 2.503866730054894063e+01
2.321212121212121104e+01 2.472337660338549270e+01
2.351515151515151558e+01 2.458313277098501715e+01
2.381818181818182012e+01 2.409069178734021932e+01
2.412121212121212110e+01 2.352268945823506030e+01
2.442424242424242564e+01 2.288812006576243263e+01
2.472727272727272663e+01 2.212013473804502084e+01
2.503030303030303116e+01 2.118386160146972585e+01
2.533333333333333570e+01 2.019787125971570774e+01
2.563636363636363669e+01 1.949462556656628820e+01
2.593939393939394122e+01 1.872843737836612377e+01
2.624242424242424221e+01 1.786551895736889506e+01
2.654545454545454675e+01 1.664117432556941267e+01
2.684848484848484773e+01 1.537766261911122889e+01
2.715151515151515227e+01 1.426143475562669849e+01
2.745454545454545681e+01 1.369416735988266609e+01
2.775757575757575779e+01 1.272956389487276496e+01
2.806060606060606233e+01 1.175332265254650466e+01
2.836363636363636331e+01 1.079555118727355989e+01
2.866666666666666785e+01 9.558621558335177681e+00
2.896969696969696884e+01 8.372660707539427705e+00
2.927272727272727337e+01 7.468030061664515884e+00
2.957575757575757791e+01 6.564833991708495020e+00
2.987878787878787890e+01 5.078094573468798778e+00
3.018181818181818343e+01 3.761131236052484006e+00
3.048484848484848442e+01 2.868262326478951962e+00
3.078787878787878896e+01 1.836292224572813936e+00
3.109090909090909349e+01 9.439229153210070278e-01
3.139393939393939448e+01 2.894735607839205027e-01
3.169696969696969902e+01 -5.207098832669998512e-01
3.200000000000000000e+01 -4.169631914752236490e+00
