2.000000000000000000e+00 -7.509280208055939099e+00
2.060120240480961762e+00 -7.333151786655416338e+00
2.120240480961923968e+00 -7.156467901093919615e+00
2.180360721442885730e+00 -6.981218071308038731e+00
2.240480961923847492e+00 -6.809642156454169815e+00
2.300601202404809698e+00 -6.643885057304793840e+00
2.360721442885771459e+00 -6.485481213272113798e+00
2.420841683366733221e+00 -6.334851525624883628e+00
2.480961923847695427e+00 -6.190977892654077053e+00
2.541082164328657189e+00 -6.051355404766960433e+00
2.601202404809619395e+00 -5.912249007599214679e+00
2.661322645290581157e+00 -5.769223026468179860e+00
2.721442885771542919e+00 -5.617867270566146765e+00
2.781563126252505125e+00 -5.454601157366957942e+00
2.841683366733466887e+00 -5.277396422131428011e+00
2.901803607214429093e+00 -5.086238262578993918e+00
2.961923847695390855e+00 -4.883172550667226552e+00
3.022044088176352616e+00 -4.671878070290937046e+00
3.082164328657314378e+00 -4.456840599921680024e+00
3.142284569138276584e+00 -4.242341050286009718e+00
3.202404809619238346e+00 -4.031543249789841354e+00
3.262525050100200552e+00 -3.825939559790338063e+00
3.322645290581162314e+00 -3.625289012993008431e+00
3.382765531062124076e+00 -3.428011757485797339e+00
3.442885771543085838e+00 -3.231855223252252163e+00
3.503006012024048044e+00 -3.034579610234248381e+00
3.563126252505010250e+00 -2.834443047425707629e+00
3.623246492985972012e+00 -2.630376216013483148e+00
3.683366733466933773e+00 -2.421869810508071374e+00
3.743486973947895535e+00 -2.208700961419092668e+00
3.803607214428857741e+00 -1.990662418422344260e+00
3.863727454909819503e+00 -1.767427352067634239e+00
3.923847695390781709e+00 -1.538605561084483764e+00
3.983967935871743471e+00 -1.303958596037458673e+00
4.044088176352705233e+00 -1.063674636065018886e+00
4.104208416833667883e+00 -8.185795485928719639e-01
4.164328657314628757e+00 -5.701829260270548927e-01
4.224448897795591407e+00 -3.205162712357517707e-01
4.284569138276553169e+00 -7.179327146044928165e-02
4.344689378757514930e+00 1.740162433081777205e-01
4.404809619238476692e+00 4.155774912356873241e-01
4.464929859719438454e+00 6.524374784340314370e-01
4.525050100200401104e+00 8.850643116304651725e-01
4.585170340681361978e+00 1.114679545631111823e+00
4.645290581162324628e+00 1.342941875951537467e+00
4.705410821643286390e+00 1.571575198534977735e+00
4.765531062124248152e+00 1.802038434596141325e+00
4.825651302605210802e+00 2.035311684638497098e+00
4.885771543086171675e+00 2.271832790703015803e+00
4.945891783567134325e+00 2.511572056045979551e+00
5.006012024048096087e+00 2.754192606845543345e+00
5.066132264529057849e+00 2.999220917367859673e+00
5.126252505010020499e+00 3.246155018001894987e+00
5.186372745490981373e+00 3.494468773675202922e+00
5.246492985971944023e+00 3.743520362859657169e+00
5.306613226452905785e+00 3.992422127357406314e+00
5.366733466933867547e+00 4.239954546013207093e+00
5.426853707414829309e+00 4.484595148718990565e+00
5.486973947895791071e+00 4.724687480211703594e+00
5.547094188376753721e+00 4.958716770172646449e+00
5.607214428857715482e+00 5.185614897582217608e+00
5.667334669338677244e+00 5.405005641845654907e+00
5.727454909819639006e+00 5.617322038096085990e+00
5.787575150300600768e+00 5.823765691381005638e+00
5.847695390781563418e+00 6.026115088167735223e+00
5.907815631262524292e+00 6.226417230979937045e+00
5.967935871743486942e+00 6.426616611042708094e+00
6.028056112224448704e+00 6.628192893295254962e+00
6.088176352705410466e+00 6.831891022255528689e+00
6.148296593186372228e+00 7.037621508081523203e+00
6.208416833667334878e+00 7.244570669230627757e+00
6.268537074148296639e+00 7.451492218710177973e+00
6.328657314629258401e+00 7.657077857804820198e+00
6.388777555110220163e+00 7.860264658947700767e+00
6.448897795591181925e+00 8.060360641005505755e+00
6.509018036072143687e+00 8.256954616010100168e+00
6.569138276553106337e+00 8.449682990220901857e+00
6.629258517034068099e+00 8.637998347860966319e+00
6.689378757515029861e+00 8.821081457420373084e+00
6.749498997995991623e+00 8.997959841953328208e+00
6.809619238476953385e+00 9.167784399425851660e+00
6.869739478957916035e+00 9.330130878707718622e+00
6.929859719438877796e+00 9.485179029979523335e+00
6.989979959919839558e+00 9.633682785173064644e+00
7.050100200400801320e+00 9.776744531894783208e+00
7.110220440881763082e+00 9.915493324420552312e+00
7.170340681362724844e+00 1.005080087842146774e+01
7.230460921843687494e+00 1.018314123573011720e+01
7.290581162324649256e+00 1.031263087021220493e+01
7.350701402805611018e+00 1.043921063332709132e+01
7.410821643286572780e+00 1.056287889846516848e+01
7.470941883767534542e+00 1.068386920978832677e+01
7.531062124248497192e+00 1.080268185650744428e+01
7.591182364729458953e+00 1.091991573476285993e+01
7.651302605210420715e+00 1.103589541078929415e+01
7.711422845691382477e+00 1.115014510305520545e+01
7.771543086172344239e+00 1.126082477314102803e+01
7.831663326653306001e+00 1.136430531084969608e+01
7.891783567134268651e+00 1.145509845545403138e+01
7.951903807615230413e+00 1.152634038048940468e+01
8.012024048096192175e+00 1.157092664730243392e+01
8.072144288577153048e+00 1.158320607307838479e+01
8.132264529058115698e+00 1.156090086944356621e+01
8.192384769539078349e+00 1.150671412371195679e+01
8.252505010020040999e+00 1.142901769194608264e+01
8.312625250501001872e+00 1.134116153434459662e+01
8.372745490981962746e+00 1.125931060470839817e+01
8.432865731462925396e+00 1.119919845083250998e+01
8.492985971943888046e+00 1.117261208089811753e+01
8.553106212424850696e+00 1.118460810013520579e+01
8.613226452905811570e+00 1.123230265207102008e+01
8.673346693386772444e+00 1.130561144470848056e+01
8.733466933867735094e+00 1.138970756137058871e+01
8.793587174348697744e+00 1.146844302844368535e+01
8.853707414829658617e+00 1.152773617269766682e+01
8.913827655310621267e+00 1.155803197972018381e+01
8.973947895791582141e+00 1.155532641534636085e+01
9.034068136272544791e+00 1.152073888199775809e+01
9.094188376753507441e+00 1.145903341203325354e+01
9.154308617234468315e+00 1.137670210287511452e+01
9.214428857715430965e+00 1.128020447601505083e+01
9.274549098196391839e+00 1.117476272085454525e+01
9.334669338677354489e+00 1.106384979258545087e+01
9.394789579158317139e+00 1.094927629938090519e+01
9.454909819639278012e+00 1.083164624834937939e+01
9.515030060120238886e+00 1.071092521318201918e+01
9.575150300601201536e+00 1.058692199602607253e+01
9.635270541082164186e+00 1.045958176326744749e+01
9.695390781563126836e+00 1.032908177885638779e+01
9.755511022044087710e+00 1.019578252973349386e+01
9.815631262525048584e+00 1.006010934259711753e+01
9.875751503006011234e+00 9.922430370337750105e+00
9.935871743486973884e+00 9.782971152538062043e+00
9.995991983967936534e+00 9.641778059002765744e+00
1.005611222444889741e+01 9.498721891438915321e+00
1.011623246492986006e+01 9.353522504077774968e+00
1.017635270541082093e+01 9.205775724768155754e+00
1.023647294589178358e+01 9.054972957100487108e+00
1.029659318637274446e+01 8.900516911071713722e+00
1.035671342685370711e+01 8.741746729517982928e+00
1.041683366733466976e+01 8.577985024974982053e+00
1.047695390781563063e+01 8.408605365278223331e+00
1.053707414829659328e+01 8.233097674474292305e+00
1.059719438877755415e+01 8.051094907880234075e+00
1.065731462925851680e+01 7.862331670563111885e+00
1.071743486973947945e+01 7.666538235997884421e+00
1.077755511022044033e+01 7.463318710674618828e+00
1.083767535070140298e+01 7.252093787811092263e+00
1.089779559118236385e+01 7.032181854596484705e+00
1.095791583166332650e+01 6.803040612504805296e+00
1.101803607214428737e+01 6.564614455294119466e+00
1.107815631262525002e+01 6.317668372823908030e+00
1.113827655310621267e+01 6.063972344309045859e+00
1.119839679358717355e+01 5.806242970580301588e+00
1.125851703406813620e+01 5.547832594049014965e+00
1.131863727454909707e+01 5.292241580640292042e+00
1.137875751503005972e+01 5.042580221437044763e+00
1.143887775551102237e+01 4.801107535212290500e+00
1.149899799599198325e+01 4.568935533895023937e+00
1.155911823647294590e+01 4.345934449753055873e+00
1.161923847695390677e+01 4.130829922379168906e+00
1.167935871743486942e+01 3.921456529413880343e+00
1.173947895791583207e+01 3.715119393101450562e+00
1.179959919839679294e+01 3.509008416777822159e+00
1.185971943887775559e+01 3.300603697216443422e+00
1.191983967935871647e+01 3.088008306948391901e+00
1.197995991983967912e+01 2.870151625631581105e+00
1.204008016032064177e+01 2.646826291846134271e+00
1.210020040080160264e+01 2.418553348514236756e+00
1.216032064128256529e+01 2.186307611465350575e+00
1.222044088176352616e+01 1.951170418803849227e+00
1.228056112224448881e+01 1.714000090448594804e+00
1.234068136272544969e+01 1.475212123288350829e+00
1.240080160320641234e+01 1.234735212302706664e+00
1.246092184368737499e+01 9.921576687306079556e-01
1.252104208416833586e+01 7.470151985928551452e-01
1.258116232464929851e+01 4.991179690995305451e-01
1.264128256513025939e+01 2.487954778995450367e-01
1.270140280561122204e+01 -3.036062121259380103e-03
1.276152304609218469e+01 -2.550139720432262336e-01
1.282164328657314556e+01 -5.056272547727281852e-01
1.288176352705410821e+01 -7.535602287195048987e-01
1.294188376753506908e+01 -9.979499253130151848e-01
1.300200400801603173e+01 -1.238458950249847090e+00
1.306212424849699438e+01 -1.475140162495492957e+00
1.312224448897795526e+01 -1.708156942698062508e+00
1.318236472945891791e+01 -1.937487743524224371e+00
1.324248496993987878e+01 -2.162757311215002254e+00
1.330260521042084143e+01 -2.383289581478471586e+00
1.336272545090180230e+01 -2.598384245456991870e+00
1.342284569138276495e+01 -2.807717464158320908e+00
1.348296593186372760e+01 -3.011701422048128407e+00
1.354308617234468848e+01 -3.211638481385550747e+00
1.360320641282565113e+01 -3.409575661136694080e+00
1.366332665330661200e+01 -3.607874802733598951e+00
1.372344689378757465e+01 -3.808616886089465137e+00
1.378356713426853730e+01 -4.013015513546234203e+00
1.384368737474949818e+01 -4.221009307589985937e+00
1.390380761523046083e+01 -4.431148280949427587e+00
1.396392785571142170e+01 -4.640812265318179364e+00
1.402404809619238435e+01 -4.846723823169572398e+00
1.408416833667334700e+01 -5.045654004669295034e+00
1.414428857715430787e+01 -5.235168710855201191e+00
1.420440881763527052e+01 -5.414232683561034598e+00
1.426452905811623140e+01 -5.583494999162183170e+00
1.432464929859719405e+01 -5.745144238241038259e+00
1.438476953907815670e+01 -5.902344048143121746e+00
1.444488977955911757e+01 -6.058406339459604162e+00
1.450501002004008022e+01 -6.215966873698358874e+00
1.456513026052104109e+01 -6.376436293527118160e+00
1.462525050100200374e+01 -6.539890535868034149e+00
1.468537074148296462e+01 -6.705381551632369153e+00
1.474549098196392727e+01 -6.871479846697694072e+00
1.480561122244488992e+01 -7.036788029513458831e+00
1.486573146292585079e+01 -7.200219814317788902e+00
1.492585170340681344e+01 -7.360982169280186227e+00
1.498597194388777432e+01 -7.518346519742312495e+00
1.504609218436873697e+01 -7.671374252688006656e+00
1.510621242484969962e+01 -7.818749607063617546e+00
1.516633266533066049e+01 -7.958801876160922717e+00
1.522645290581162314e+01 -8.089722849576725494e+00
1.528657314629258401e+01 -8.209938056682645424e+00
1.534669338677354666e+01 -8.318566499281180526e+00
1.540681362725450931e+01 -8.415877686823812098e+00
1.546693386773547019e+01 -8.503616831710884227e+00
1.552705410821643284e+01 -8.585044266707939187e+00
1.558717434869739371e+01 -8.664568222992862445e+00
1.564729458917835636e+01 -8.746964421955979674e+00
1.570741482965931723e+01 -8.836341314013404613e+00
1.576753507014027988e+01 -8.935148201986127248e+00
1.582765531062124253e+01 -9.043553135536088305e+00
1.588777555110220341e+01 -9.159405775869613464e+00
1.594789579158316606e+01 -9.278788339813798913e+00
1.600801603206412693e+01 -9.396938588811599047e+00
1.606813627254508958e+01 -9.509197454411959072e+00
1.612825651302605223e+01 -9.611640248738261505e+00
1.618837675350701488e+01 -9.701184514069248976e+00
1.624849699398797753e+01 -9.775176532562898757e+00
1.630861723446893663e+01 -9.830674987764567163e+00
1.636873747494989928e+01 -9.863810748564311837e+00
1.642885771543086193e+01 -9.869651032657170475e+00
1.648897795591182103e+01 -9.842892071043037205e+00
1.654909819639278368e+01 -9.779436995670810262e+00
1.660921843687374633e+01 -9.678537246269538485e+00
1.666933867735470898e+01 -9.544814528482408633e+00
1.672945891783567163e+01 -9.389309766548670666e+00
1.678957915831663428e+01 -9.228865567528023561e+00
1.684969939879759693e+01 -9.083653712489864418e+00
1.690981963927855602e+01 -8.973350758653918291e+00
1.696993987975951867e+01 -8.913055369622998825e+00
1.703006012024047777e+01 -8.910242601852816691e+00
1.709018036072144042e+01 -8.963727910963482870e+00
1.715030060120240307e+01 -9.064874414793980151e+00
1.721042084168336572e+01 -9.200437104229889584e+00
1.727054108216432837e+01 -9.355873289533162662e+00
1.733066132264529102e+01 -9.517908006514446129e+00
1.739078156312625367e+01 -9.675622943590649783e+00
1.745090180360721632e+01 -9.820089129418203555e+00
1.751102204408817542e+01 -9.943224785196864701e+00
1.757114228456913807e+01 -1.003683590384074265e+01
1.763126252505009717e+01 -1.009259677965901147e+01
1.769138276553105982e+01 -1.010318662927147315e+01
1.775150300601202247e+01 -1.006419262531178482e+01
1.781162324649298512e+01 -9.975993312295583948e+00
1.787174348697394777e+01 -9.844800278072483479e+00
1.793186372745491042e+01 -9.682339754172227586e+00
1.799198396793587307e+01 -9.504142941577221393e+00
1.805210420841683217e+01 -9.326877991873320894e+00
1.811222444889779482e+01 -9.165432068253029030e+00
1.817234468937875747e+01 -9.030469772166567211e+00
1.823246492985972012e+01 -8.926989097263890116e+00
1.829258517034067921e+01 -8.854072957249957909e+00
1.835270541082164186e+01 -8.805716758865404614e+00
1.841282565130260451e+01 -8.772395101221345470e+00
1.847294589178356716e+01 -8.742952203368279385e+00
1.853306613226452981e+01 -8.706443090737050028e+00
1.859318637274548891e+01 -8.653662353636548232e+00
1.865330661322645156e+01 -8.578216445310252070e+00
1.871342685370741421e+01 -8.477087536184463090e+00
1.877354709418837686e+01 -8.350696072353915866e+00
1.883366733466933951e+01 -8.202510587427642719e+00
1.889378757515029861e+01 -8.038293447892611354e+00
1.895390781563126126e+01 -7.865112191552996457e+00
1.901402805611222391e+01 -7.690274453211340067e+00
1.907414829659318656e+01 -7.520343477932311949e+00
1.913426853707414921e+01 -7.360356403244678880e+00
1.919438877755510831e+01 -7.213312371508365572e+00
1.925450901803607096e+01 -7.079945323804835766e+00
1.931462925851703361e+01 -6.958764146784085725e+00
1.937474949899799626e+01 -6.846331063515467719e+00
1.943486973947895891e+01 -6.737744134002145557e+00
1.949498997995991800e+01 -6.627277263873372348e+00
1.955511022044088065e+01 -6.509109277944228111e+00
1.961523046092184330e+01 -6.378054200072279301e+00
1.967535070140280595e+01 -6.230202445130536226e+00
1.973547094188376860e+01 -6.063400638280310950e+00
1.979559118236472770e+01 -5.877524374834921517e+00
1.985571142284569035e+01 -5.674516339367065676e+00
1.991583166332665300e+01 -5.458166229943728354e+00
1.997595190380761565e+01 -5.233613483139903266e+00
2.003607214428857475e+01 -5.006584543371054075e+00
2.009619238476953740e+01 -4.782447317570021283e+00
2.015631262525050005e+01 -4.565258843594704352e+00
2.021643286573146270e+01 -4.357049282054460626e+00
2.027655310621242535e+01 -4.157571624327517590e+00
2.033667334669338445e+01 -3.964628569703856797e+00
2.039679358717434710e+01 -3.774897405072320300e+00
2.045691382765530975e+01 -3.584989393135808999e+00
2.051703406813627240e+01 -3.392390136427765768e+00
2.057715430861723505e+01 -3.195980330927499669e+00
2.063727454909819414e+01 -2.996012213071943542e+00
2.069739478957915679e+01 -2.793635006776842733e+00
2.075751503006011944e+01 -2.590222833570162919e+00
2.081763527054108209e+01 -2.386793450124196969e+00
2.087775551102204474e+01 -2.183713536400027966e+00
2.093787575150300384e+01 -1.980725261054031350e+00
2.099799599198396649e+01 -1.777184566895861462e+00
2.105811623246492914e+01 -1.572339237919413435e+00
2.111823647294589179e+01 -1.365509194757294376e+00
2.117835671342685444e+01 -1.156126559387895325e+00
2.123847695390781354e+01 -9.436878299090006861e-01
2.129859719438877619e+01 -7.277144435952448420e-01
2.135871743486973884e+01 -5.077957799623167290e-01
2.141883767535070149e+01 -2.837229209395300544e-01
2.147895791583166414e+01 -5.565517535805165200e-02
2.153907815631262324e+01 1.757680808738964762e-01
2.159919839679358589e+01 4.094375049420306278e-01
2.165931863727454854e+01 6.439184621209106396e-01
2.171943887775551119e+01 8.776852300973547738e-01
2.177955911823647384e+01 1.109367844991116847e+00
2.183967935871743293e+01 1.337940563268862793e+00
2.189979959919839558e+01 1.562815901392933249e+00
2.195991983967935823e+01 1.783851056982036942e+00
2.202004008016032088e+01 2.001303138013379002e+00
2.208016032064128353e+01 2.215775378464411194e+00
2.214028056112224263e+01 2.428180855148287520e+00
2.220040080160320528e+01 2.639724239892416779e+00
2.226052104208416793e+01 2.851878356511877044e+00
2.232064128256513058e+01 3.066319592145495321e+00
2.238076152304608968e+01 3.284788543979825448e+00
2.244088176352705233e+01 3.508860146361367782e+00
2.250100200400801498e+01 3.739638570340675372e+00
2.256112224448897763e+01 3.977429970995036257e+00
2.262124248496994028e+01 4.221478640208591315e+00
2.268136272545089938e+01 4.469863337730449082e+00
2.274148296593186203e+01 4.719627194815681825e+00
2.280160320641282468e+01 4.967155063726165665e+00
2.286172344689378733e+01 5.208732612628951486e+00
2.292184368737474998e+01 5.441152505710235232e+00
2.298196392785570907e+01 5.662206955657768326e+00
2.304208416833667172e+01 5.870939545721189923e+00
2.310220440881763437e+01 6.067612175315644230e+00
2.316232464929859702e+01 6.253440102520905874e+00
2.322244488977955967e+01 6.430215892224159902e+00
2.328256513026051877e+01 6.599952624072235707e+00
2.334268537074148142e+01 6.764629214444051186e+00
2.340280561122244407e+01 6.926046767826564476e+00
2.346292585170340672e+01 7.085746771836534563e+00
2.352304609218436937e+01 7.244929382320044020e+00
2.358316633266532847e+01 7.404343827970579994e+00
2.364328657314629112e+01 7.564176368876249335e+00
2.370340681362725377e+01 7.723997631382954587e+00
2.376352705410821642e+01 7.882826533138239888e+00
2.382364729458917907e+01 8.039324633402882725e+00
2.388376753507013817e+01 8.192077936922267156e+00
2.394388777555110082e+01 8.339884844448814505e+00
2.400400801603206347e+01 8.481968675085816756e+00
2.406412825651302612e+01 8.618068561120376003e+00
2.412424849699398877e+01 8.748413066359987056e+00
2.418436873747494786e+01 8.873621416620087743e+00
2.424448897795591051e+01 8.994591268684091645e+00
2.430460921843687316e+01 9.112417611613429003e+00
2.436472945891783581e+01 9.228354412767203030e+00
2.442484969939879846e+01 9.343792768120801284e+00
2.448496993987975756e+01 9.460198526607008773e+00
2.454509018036072021e+01 9.578937648656214776e+00
2.460521042084168286e+01 9.700927137566250025e+00
2.466533066132264551e+01 9.826091299501552356e+00
2.472545090180360461e+01 9.952680818346488323e+00
2.478557114228456726e+01 1.007661584136810262e+01
2.484569138276552991e+01 1.019111344201128233e+01
2.490581162324649256e+01 1.028690502031590270e+01
2.496593186372745521e+01 1.035328797698707248e+01
2.502605210420841431e+01 1.038006055669266559e+01
2.508617234468937696e+01 1.036008391576874033e+01
2.514629258517033961e+01 1.029188999729471199e+01
2.520641282565130226e+01 1.018154112752026386e+01
2.526653306613226491e+01 1.004297462476971425e+01
2.532665330661322400e+01 9.896389440171326157e+00
2.538677354709418665e+01 9.764790453499543332e+00
2.544689378757514930e+01 9.669421947049313459e+00
2.550701402805611195e+01 9.625261844652831300e+00
2.556713426853707460e+01 9.637822373809655119e+00
2.562725450901803370e+01 9.702154417316492641e+00
2.568737474949899635e+01 9.804294479947554208e+00
2.574749498997995900e+01 9.924664131534727929e+00
2.580761523046092165e+01 1.004239601340685617e+01
2.586773547094188430e+01 1.013939483724489676e+01
2.592785571142284340e+01 1.020316811455776218e+01
2.598797595190380605e+01 1.022795231260902860e+01
2.604809619238476870e+01 1.021420911024411815e+01
2.610821643286573135e+01 1.016698145504911288e+01
2.616833667334669400e+01 1.009377484887077436e+01
2.622845691382765310e+01 1.000256885906117610e+01
2.628857715430861575e+01 9.900351466073367135e+00
2.634869739478957840e+01 9.792316344592853383e+00
2.640881763527054105e+01 9.681660235659476754e+00
2.646893787575150370e+01 9.569805932844852592e+00
2.652905811623246279e+01 9.456851759836199633e+00
2.658917835671342544e+01 9.342080241943884644e+00
2.664929859719438809e+01 9.224413056771769703e+00
2.670941883767535074e+01 9.102753252180166399e+00
2.676953907815631339e+01 8.976199296833584640e+00
2.682965931863727249e+01 8.844146544916704045e+00
2.688977955911823514e+01 8.706309251434483087e+00
2.694989979959919779e+01 8.562698998746544277e+00
2.701002004008016044e+01 8.413584248012423217e+00
2.707014028056111954e+01 8.259437258595959008e+00
2.713026052104208219e+01 8.100860106527264293e+00
2.719038076152304484e+01 7.938481074460381315e+00
2.725050100200400749e+01 7.772828028358167884e+00
2.731062124248497014e+01 7.604207360673644445e+00
2.737074148296592924e+01 7.432630572174801387e+00
2.743086172344689189e+01 7.257824466796492402e+00
2.749098196392785454e+01 7.079335941544656841e+00
2.755110220440881719e+01 6.896710774245989661e+00
2.761122244488977984e+01 6.709703135551602138e+00
2.767134268537073893e+01 6.518466952717052898e+00
2.773146292585170158e+01 6.323688027398241651e+00
2.779158316633266423e+01 6.126626313264511126e+00
2.785170340681362688e+01 5.929043892002793470e+00
2.791182364729458953e+01 5.732999718184125015e+00
2.797194388777554863e+01 5.540509223923861803e+00
2.803206412825651128e+01 5.353104276469202283e+00
2.809218436873747393e+01 5.171380502054280903e+00
2.815230460921843658e+01 4.994660933701574379e+00
2.821242484969939923e+01 4.820907579807886201e+00
2.827254509018035833e+01 4.646959226199079751e+00
2.833266533066132098e+01 4.469075486273247577e+00
2.839278557114228363e+01 4.283661252410528419e+00
2.845290581162324628e+01 4.087978660654589369e+00
2.851302605210420893e+01 3.880656244036775337e+00
2.857314629258516803e+01 3.661875514955872823e+00
2.863326653306613068e+01 3.433220955788102824e+00
2.869338677354709333e+01 3.197274523291179893e+00
2.875350701402805598e+01 2.957085668790889077e+00
2.881362725450901863e+01 2.715644779108806528e+00
2.887374749498997772e+01 2.475449885558717256e+00
2.893386773547094037e+01 2.238212007887869781e+00
2.899398797595190302e+01 2.004714093792608676e+00
2.905410821643286567e+01 1.774824693256485064e+00
2.911422845691382832e+01 1.547658553652593749e+00
2.917434869739478742e+01 1.321859395592308806e+00
2.923446893787575007e+01 1.095953534231981275e+00
2.929458917835671272e+01 8.686988454806570115e-01
2.935470941883767537e+01 6.393492249682194428e-01
2.941482965931863447e+01 4.077795021444889922e-01
2.947494989979959712e+01 1.744625548913708024e-01
2.953507014028055977e+01 -5.966214850382197538e-02
2.959519038076152242e+01 -2.933643575801764825e-01
2.965531062124248507e+01 -5.252875193598716130e-01
2.971543086172344417e+01 -7.540803278126876341e-01
2.977555110220440682e+01 -9.785108536616257124e-01
2.983567134268536947e+01 -1.197595140155640392e+00
2.989579158316633212e+01 -1.410756646482165699e+00
2.995591182364729477e+01 -1.617993599201768662e+00
3.001603206412825386e+01 -1.819991274918813406e+00
3.007615230460921651e+01 -2.018101403029736840e+00
3.013627254509017916e+01 -2.214136361239341433e+00
3.019639278557114181e+01 -2.409987674425433379e+00
3.025651302605210446e+01 -2.607154124185710575e+00
3.031663326653306356e+01 -2.806322600283330804e+00
3.037675350701402621e+01 -3.007156374133080234e+00
3.043687374749498886e+01 -3.208398222298955549e+00
3.049699398797595151e+01 -3.408299493600894792e+00
3.055711422845691416e+01 -3.605270963761049607e+00
3.061723446893787326e+01 -3.798557989958028180e+00
3.067735470941883591e+01 -3.988707991604812708e+00
3.073747494989979856e+01 -4.177641490866411011e+00
3.079759519038076121e+01 -4.368251214344386568e+00
3.085771543086172386e+01 -4.563603806209713731e+00
3.091783567134268296e+01 -4.765956787083972301e+00
3.097795591182364561e+01 -4.975881528062249259e+00
3.103807615230460826e+01 -5.191770783073246243e+00
3.109819639278557091e+01 -5.409905554627478352e+00
3.115831663326653356e+01 -5.625091081829420858e+00
3.121843687374749265e+01 -5.831698754319865508e+00
3.127855711422845530e+01 -6.024828327601039035e+00
3.133867735470941795e+01 -6.201275696131498982e+00
3.139879759519038060e+01 -6.360065586097732648e+00
3.145891783567134325e+01 -6.502457485056066133e+00
3.151903807615230235e+01 -6.631500167848845884e+00
3.157915831663326500e+01 -6.751332736077269026e+00
3.163927855711422765e+01 -6.866465892129375526e+00
3.169939879759519030e+01 -6.981221927095850432e+00
3.175951903807614940e+01 -7.099399761357033434e+00
3.181963927855711205e+01 -7.224117633201987410e+00
3.187975951903807470e+01 -7.357720693833429415e+00
3.193987975951903735e+01 -7.501646336973831097e+00
3.200000000000000000e+01 -7.656204333249124083e+00
