2.000000000000000000e+00 -1.654431425364881747e+01
2.060120240480961762e+00 -1.629398712822678164e+01
2.120240480961923968e+00 -1.600143973917513662e+01
2.180360721442885730e+00 -1.567282083102511159e+01
2.240480961923847492e+00 -1.531746208723776270e+01
2.300601202404809698e+00 -1.494670754829448001e+01
2.360721442885771459e+00 -1.457253920884742016e+01
2.420841683366733221e+00 -1.420611353187205772e+01
2.480961923847695427e+00 -1.385637357289304106e+01
2.541082164328657189e+00 -1.352893836422706464e+01
2.601202404809619395e+00 -1.322546675594008292e+01
2.661322645290581157e+00 -1.294363176583882336e+01
2.721442885771542919e+00 -1.267772986982150307e+01
2.781563126252505125e+00 -1.241981492856422520e+01
2.841683366733466887e+00 -1.216112791943816873e+01
2.901803607214429093e+00 -1.189352817172213506e+01
2.961923847695390855e+00 -1.161064003656822941e+01
3.022044088176352616e+00 -1.130850796694592653e+01
3.082164328657314378e+00 -1.098567820429687281e+01
3.142284569138276584e+00 -1.064275993588944758e+01
3.202404809619238346e+00 -1.028162707002243792e+01
3.262525050100200552e+00 -9.904479793108187380e+00
3.322645290581162314e+00 -9.512986206028163139e+00
3.382765531062124076e+00 -9.107677909325687438e+00
3.442885771543085838e+00 -8.687698522423477954e+00
3.503006012024048044e+00 -8.250921991944535350e+00
3.563126252505010250e+00 -7.794385474728852792e+00
3.623246492985972012e+00 -7.314930333619443559e+00
3.683366733466933773e+00 -6.809919004636761031e+00
3.743486973947895535e+00 -6.277895460320266352e+00
3.803607214428857741e+00 -5.719079827053546339e+00
3.863727454909819503e+00 -5.135627439714491871e+00
3.923847695390781709e+00 -4.531630039538792509e+00
3.983967935871743471e+00 -3.912880781507340089e+00
4.044088176352705233e+00 -3.286455299312257772e+00
4.104208416833667883e+00 -2.660173437441114341e+00
4.164328657314628757e+00 -2.042002613513216325e+00
4.224448897795591407e+00 -1.439451807132388295e+00
4.284569138276553169e+00 -8.589935621049605841e-01
4.344689378757514930e+00 -3.055452244854989785e-01
4.404809619238476692e+00 2.179603075273674473e-01
4.464929859719438454e+00 7.108833725212171384e-01
4.525050100200401104e+00 1.175035970770859972e+00
4.585170340681361978e+00 1.614663599582313536e+00
4.645290581162324628e+00 2.036230020224444548e+00
4.705410821643286390e+00 2.447993064871485824e+00
4.765531062124248152e+00 2.859374601590781051e+00
4.825651302605210802e+00 3.280153465155023707e+00
4.885771543086171675e+00 3.719546588697275613e+00
4.945891783567134325e+00 4.185282737296528666e+00
5.006012024048096087e+00 4.682800126174697652e+00
5.066132264529057849e+00 5.214698410198069567e+00
5.126252505010020499e+00 5.780540096393398386e+00
5.186372745490981373e+00 6.377033182845289083e+00
5.246492985971944023e+00 6.998554450903681001e+00
5.306613226452905785e+00 7.637913404194208944e+00
5.366733466933867547e+00 8.287225751159482456e+00
5.426853707414829309e+00 8.938765499568535944e+00
5.486973947895791071e+00 9.585688026358727853e+00
5.547094188376753721e+00 1.022255043806863917e+01
5.607214428857715482e+00 1.084559056868033622e+01
5.667334669338677244e+00 1.145275856922055979e+01
5.727454909819639006e+00 1.204352583502872420e+01
5.787575150300600768e+00 1.261852515019803711e+01
5.847695390781563418e+00 1.317909991482262910e+01
5.907815631262524292e+00 1.372685261808333301e+01
5.967935871743486942e+00 1.426327750823523033e+01
6.028056112224448704e+00 1.478953867759795493e+01
6.088176352705410466e+00 1.530641787305384227e+01
6.148296593186372228e+00 1.581441606203675754e+01
6.208416833667334878e+00 1.631395940897645147e+01
6.268537074148296639e+00 1.680564097200256413e+01
6.328657314629258401e+00 1.729042655069612167e+01
6.388777555110220163e+00 1.776976513161136140e+01
6.448897795591181925e+00 1.824556741604581944e+01
6.509018036072143687e+00 1.872004517336831597e+01
6.569138276553106337e+00 1.919543443102195823e+01
6.629258517034068099e+00 1.967365128408329866e+01
6.689378757515029861e+00 2.015594510543747830e+01
6.749498997995991623e+00 2.064261635296207231e+01
6.809619238476953385e+00 2.113285413352104669e+01
6.869739478957916035e+00 2.162472503556763570e+01
6.929859719438877796e+00 2.211531542763210822e+01
6.989979959919839558e+00 2.260100159630772509e+01
7.050100200400801320e+00 2.307780177858307979e+01
7.110220440881763082e+00 2.354175446090752644e+01
7.170340681362724844e+00 2.398926813576970218e+01
7.230460921843687494e+00 2.441739660355739971e+01
7.290581162324649256e+00 2.482400781303984871e+01
7.350701402805611018e+00 2.520783072203231967e+01
7.410821643286572780e+00 2.556838219730212103e+01
7.470941883767534542e+00 2.590579319747136466e+01
7.531062124248497192e+00 2.622056832789283476e+01
7.591182364729458953e+00 2.651332249903400395e+01
7.651302605210420715e+00 2.678454040833370797e+01
7.711422845691382477e+00 2.703439845405639730e+01
7.771543086172344239e+00 2.726267683906513639e+01
7.831663326653306001e+00 2.746877615374471659e+01
7.891783567134268651e+00 2.765184088939481910e+01
7.951903807615230413e+00 2.781098196916279974e+01
8.012024048096192175e+00 2.794557766769711193e+01
8.072144288577153048e+00 2.805561281525109152e+01
8.132264529058115698e+00 2.814199014826179734e+01
8.192384769539078349e+00 2.820672377570608447e+01
8.252505010020040999e+00 2.825291902648048392e+01
8.312625250501001872e+00 2.828447129645216762e+01
8.372745490981962746e+00 2.830548361818828695e+01
8.432865731462925396e+00 2.831949403172128754e+01
8.492985971943888046e+00 2.832868713166715224e+01
8.553106212424850696e+00 2.833330189873797167e+01
8.613226452905811570e+00 2.833141604239646227e+01
8.673346693386772444e+00 2.831918953394166394e+01
8.733466933867735094e+00 2.829151998819218861e+01
8.793587174348697744e+00 2.824294837633992827e+01
8.853707414829658617e+00 2.816859623325719397e+01
8.913827655310621267e+00 2.806493024618896115e+01
8.973947895791582141e+00 2.793022158163081059e+01
9.034068136272544791e+00 2.776466054101909364e+01
9.094188376753507441e+00 2.757016642513710636e+01
9.154308617234468315e+00 2.734997739006831452e+01
9.214428857715430965e+00 2.710811548548340255e+01
9.274549098196391839e+00 2.684881180088861186e+01
9.334669338677354489e+00 2.657596159611254549e+01
9.394789579158317139e+00 2.629266795253592548e+01
9.454909819639278012e+00 2.600092364056624206e+01
9.515030060120238886e+00 2.570146801442978557e+01
9.575150300601201536e+00 2.539383376105670109e+01
9.635270541082164186e+00 2.507656827500645136e+01
9.695390781563126836e+00 2.474758349715947148e+01
9.755511022044087710e+00 2.440456590537820603e+01
9.815631262525048584e+00 2.404537229164025192e+01
9.875751503006011234e+00 2.366834863099166242e+01
9.935871743486973884e+00 2.327253419401722567e+01
9.995991983967936534e+00 2.285774247126596137e+01
1.005611222444889741e+01 2.242453529480772190e+01
1.011623246492986006e+01 2.197412036367176569e+01
1.017635270541082093e+01 2.150820358436867252e+01
1.023647294589178358e+01 2.102881946877337782e+01
1.029659318637274446e+01 2.053815170232869036e+01
1.035671342685370711e+01 2.003834867973878531e+01
1.041683366733466976e+01 1.953133953828455915e+01
1.047695390781563063e+01 1.901866478756210554e+01
1.053707414829659328e+01 1.850134726883929659e+01
1.059719438877755415e+01 1.797983644843437645e+01
1.065731462925851680e+01 1.745405516917076483e+01
1.071743486973947945e+01 1.692356019067568695e+01
1.077755511022044033e+01 1.638779934639169866e+01
1.083767535070140298e+01 1.584641754510466605e+01
1.089779559118236385e+01 1.529954213723246426e+01
1.095791583166332650e+01 1.474797437720853033e+01
1.101803607214428737e+01 1.419323109801432814e+01
1.107815631262525002e+01 1.363741517767801348e+01
1.113827655310621267e+01 1.308293488720367392e+01
1.119839679358717355e+01 1.253212861113715881e+01
1.125851703406813620e+01 1.198687294909299794e+01
1.131863727454909707e+01 1.144825454981384993e+01
1.137875751503005972e+01 1.091637081034269130e+01
1.143887775551102237e+01 1.039029724671655686e+01
1.149899799599198325e+01 9.868226311543839557e+00
1.155911823647294590e+01 9.347749237803732569e+00
1.161923847695390677e+01 8.826223897155049514e+00
1.167935871743486942e+01 8.301152751992853851e+00
1.173947895791583207e+01 7.770491304351533124e+00
1.179959919839679294e+01 7.232823071238801305e+00
1.185971943887775559e+01 6.687371292009486545e+00
1.191983967935871647e+01 6.133862435079985076e+00
1.197995991983967912e+01 5.572298330491046059e+00
1.204008016032064177e+01 5.002717786236090980e+00
1.210020040080160264e+01 4.425026098256106266e+00
1.216032064128256529e+01 3.838943618357584686e+00
1.222044088176352616e+01 3.244084132986538194e+00
1.228056112224448881e+01 2.640136232711975506e+00
1.234068136272544969e+01 2.027098798333487384e+00
1.240080160320641234e+01 1.405519002672126039e+00
1.246092184368737499e+01 7.766923234279233812e-01
1.252104208416833586e+01 1.427987372720755932e-01
1.258116232464929851e+01 -4.930409036046890514e-01
1.264128256513025939e+01 -1.126801354467333871e+00
1.270140280561122204e+01 -1.753694830794919390e+00
1.276152304609218469e+01 -2.368425676675384395e+00
1.282164328657314556e+01 -2.965551426796074974e+00
1.288176352705410821e+01 -3.539922718151770287e+00
1.294188376753506908e+01 -4.087152887024355863e+00
1.300200400801603173e+01 -4.604054298690795299e+00
1.306212424849699438e+01 -5.088978136142101150e+00
1.312224448897795526e+01 -5.542007912498544187e+00
1.318236472945891791e+01 -5.964979757796638360e+00
1.324248496993987878e+01 -6.361327438416952695e+00
1.330260521042084143e+01 -6.735770731704366021e+00
1.336272545090180230e+01 -7.093879128711081172e+00
1.342284569138276495e+01 -7.441549886845582051e+00
1.348296593186372760e+01 -7.784444071899419448e+00
1.354308617234468848e+01 -8.127430412574330632e+00
1.360320641282565113e+01 -8.474095650715327110e+00
1.366332665330661200e+01 -8.826388130724001968e+00
1.372344689378757465e+01 -9.184461409277153265e+00
1.378356713426853730e+01 -9.546769117287855266e+00
1.384368737474949818e+01 -9.910427754171525550e+00
1.390380761523046083e+01 -1.027181449621669707e+01
1.396392785571142170e+01 -1.062731382773290179e+01
1.402404809619238435e+01 -1.097408516814022406e+01
1.408416833667334700e+01 -1.131070738456222458e+01
1.414428857715430787e+01 -1.163757208280254218e+01
1.420440881763527052e+01 -1.195694333348641614e+01
1.426452905811623140e+01 -1.227266578528292129e+01
1.432464929859719405e+01 -1.258956974935821194e+01
1.438476953907815670e+01 -1.291267488850565393e+01
1.444488977955911757e+01 -1.324632282972257613e+01
1.450501002004008022e+01 -1.359337054157324154e+01
1.456513026052104109e+01 -1.395455578172750144e+01
1.462525050100200374e+01 -1.432811348956589370e+01
1.468537074148296462e+01 -1.470968846063717095e+01
1.474549098196392727e+01 -1.509256210569363077e+01
1.480561122244488992e+01 -1.546819047459213259e+01
1.486573146292585079e+01 -1.582703193483424897e+01
1.492585170340681344e+01 -1.615961788876865057e+01
1.498597194388777432e+01 -1.645778260944222993e+01
1.504609218436873697e+01 -1.671591965028761351e+01
1.510621242484969962e+01 -1.693208333643545416e+01
1.516633266533066049e+01 -1.710872429247200799e+01
1.522645290581162314e+01 -1.725285987310815372e+01
1.528657314629258401e+01 -1.737554827655263523e+01
1.534669338677354666e+01 -1.749065656476969366e+01
1.540681362725450931e+01 -1.761306413566563123e+01
1.546693386773547019e+01 -1.775658404212102326e+01
1.552705410821643284e+01 -1.793197070125699000e+01
1.558717434869739371e+01 -1.814538242012783797e+01
1.564729458917835636e+01 -1.839757511401445100e+01
1.570741482965931723e+01 -1.868394353420284659e+01
1.576753507014027988e+01 -1.899534375601954039e+01
1.582765531062124253e+01 -1.931947622065157333e+01
1.588777555110220341e+01 -1.964252039316671983e+01
1.594789579158316606e+01 -1.995070471482416963e+01
1.600801603206412693e+01 -2.023155985888843489e+01
1.606813627254508958e+01 -2.047471516144668158e+01
1.612825651302605223e+01 -2.067222931266813291e+01
1.618837675350701488e+01 -2.081857109795999250e+01
1.624849699398797753e+01 -2.091045970462951331e+01
1.630861723446893663e+01 -2.094681012923527774e+01
1.636873747494989928e+01 -2.092898084167324768e+01
1.642885771543086193e+01 -2.086137532506090508e+01
1.648897795591182103e+01 -2.075222873142523738e+01
1.654909819639278368e+01 -2.061418635416386280e+01
1.660921843687374633e+01 -2.046415893099801764e+01
1.666933867735470898e+01 -2.032202086684289100e+01
1.672945891783567163e+01 -2.020803449973920607e+01
1.678957915831663428e+01 -2.013936040442393960e+01
1.684969939879759693e+01 -2.012647262841793960e+01
1.690981963927855602e+01 -2.017052700366808438e+01
1.696993987975951867e+01 -2.026258673859613424e+01
1.703006012024047777e+01 -2.038510058677853110e+01
1.709018036072144042e+01 -2.051532987369425243e+01
1.715030060120240307e+01 -2.062980305451501195e+01
1.721042084168336572e+01 -2.070858494969427710e+01
1.727054108216432837e+01 -2.073828681914924843e+01
1.733066132264529102e+01 -2.071323346928294029e+01
1.739078156312625367e+01 -2.063482783545707022e+01
1.745090180360721632e+01 -2.050966606538380432e+01
1.751102204408817542e+01 -2.034719200659714033e+01
1.757114228456913807e+01 -2.015761187690594980e+01
1.763126252505009717e+01 -1.995051227865629428e+01
1.769138276553105982e+01 -1.973428640982210780e+01
1.775150300601202247e+01 -1.951620234977932355e+01
1.781162324649298512e+01 -1.930280654870385604e+01
1.787174348697394777e+01 -1.910034202310122353e+01
1.793186372745491042e+01 -1.891493399437952405e+01
1.799198396793587307e+01 -1.875241130819093982e+01
1.805210420841683217e+01 -1.861775879452237703e+01
1.811222444889779482e+01 -1.851431470532122248e+01
1.817234468937875747e+01 -1.844292129167799743e+01
1.823246492985972012e+01 -1.840128410762953237e+01
1.829258517034067921e+01 -1.838377618555850646e+01
1.835270541082164186e+01 -1.838182974758585786e+01
1.841282565130260451e+01 -1.838490805035867481e+01
1.847294589178356716e+01 -1.838188569502121794e+01
1.853306613226452981e+01 -1.836254166863066573e+01
1.859318637274548891e+01 -1.831883068371788426e+01
1.865330661322645156e+01 -1.824566136510482650e+01
1.871342685370741421e+01 -1.814105361566611307e+01
1.877354709418837686e+01 -1.800572137908480030e+01
1.883366733466933951e+01 -1.784227068958107054e+01
1.889378757515029861e+01 -1.765427052114167950e+01
1.895390781563126126e+01 -1.744543155811702206e+01
1.901402805611222391e+01 -1.721903680315012153e+01
1.907414829659318656e+01 -1.697765266131753137e+01
1.913426853707414921e+01 -1.672305745021632362e+01
1.919438877755510831e+01 -1.645628670607237254e+01
1.925450901803607096e+01 -1.617771382498888144e+01
1.931462925851703361e+01 -1.588713776085489648e+01
1.937474949899799626e+01 -1.558390202424626558e+01
1.943486973947895891e+01 -1.526709176399066514e+01
1.949498997995991800e+01 -1.493583721311156864e+01
1.955511022044088065e+01 -1.458970262430252518e+01
1.961523046092184330e+01 -1.422908488628181978e+01
1.967535070140280595e+01 -1.385551204878635900e+01
1.973547094188376860e+01 -1.347173573702380445e+01
1.979559118236472770e+01 -1.308155368228168847e+01
1.985571142284569035e+01 -1.268936562935193635e+01
1.991583166332665300e+01 -1.229953636715488052e+01
1.997595190380761565e+01 -1.191569285375677367e+01
2.003607214428857475e+01 -1.154010447504432868e+01
2.009619238476953740e+01 -1.117328192300559664e+01
2.015631262525050005e+01 -1.081388543792432877e+01
2.021643286573146270e+01 -1.045896823211397830e+01
2.027655310621242535e+01 -1.010451044066648052e+01
2.033667334669338445e+01 -9.746138223722407901e+00
2.039679358717434710e+01 -9.379884747844233317e+00
2.045691382765530975e+01 -9.002842931525343317e+00
2.051703406813627240e+01 -8.613585501617464502e+00
2.057715430861723505e+01 -8.212280068076555750e+00
2.063727454909819414e+01 -7.800493182933665892e+00
2.069739478957915679e+01 -7.380741786421274320e+00
2.075751503006011944e+01 -6.955897813314046552e+00
2.081763527054108209e+01 -6.528571839555596945e+00
2.087775551102204474e+01 -6.100592367261832294e+00
2.093787575150300384e+01 -5.672664927425636883e+00
2.099799599198396649e+01 -5.244251445492516872e+00
2.105811623246492914e+01 -4.813667792948004731e+00
2.111823647294589179e+01 -4.378364716612660246e+00
2.117835671342685444e+01 -3.935336906981244720e+00
2.123847695390781354e+01 -3.481594660189963442e+00
2.129859719438877619e+01 -3.014629253793822183e+00
2.135871743486973884e+01 -2.532806021335857860e+00
2.141883767535070149e+01 -2.035630291570992956e+00
2.147895791583166414e+01 -1.523853070855911707e+00
2.153907815631262324e+01 -9.994138867412704075e-01
2.159919839679358589e+01 -4.652500177692802108e-01
2.165931863727454854e+01 7.497667748250393116e-02
2.171943887775551119e+01 6.171807420084824969e-01
2.177955911823647384e+01 1.157143276253330244e+00
2.183967935871743293e+01 1.690778894579139990e+00
2.189979959919839558e+01 2.214389086525927475e+00
2.195991983967935823e+01 2.724917067781385871e+00
2.202004008016032088e+01 3.220205368436933835e+00
2.208016032064128353e+01 3.699232523627768998e+00
2.214028056112224263e+01 4.162283958630284886e+00
2.220040080160320528e+01 4.611007295379305759e+00
2.226052104208416793e+01 5.048317991342536892e+00
2.232064128256513058e+01 5.478151395291849468e+00
2.238076152304608968e+01 5.905089807342455366e+00
2.244088176352705233e+01 6.333916470597200643e+00
2.250100200400801498e+01 6.769157061888233073e+00
2.256112224448897763e+01 7.214664729780880137e+00
2.262124248496994028e+01 7.673292792531002604e+00
2.268136272545089938e+01 8.146685398740894257e+00
2.274148296593186203e+01 8.635203098525488841e+00
2.280160320641282468e+01 9.137986446844447386e+00
2.286172344689378733e+01 9.653144698579071203e+00
2.292184368737474998e+01 1.017803864394615054e+01
2.298196392785570907e+01 1.070961029048641322e+01
2.304208416833667172e+01 1.124470314354339351e+01
2.310220440881763437e+01 1.178032010478067271e+01
2.316232464929859702e+01 1.231378252568200793e+01
2.322244488977955967e+01 1.284277981440596150e+01
2.328256513026051877e+01 1.336532663651084007e+01
2.334268537074148142e+01 1.387966588649053534e+01
2.340280561122244407e+01 1.438416431739662293e+01
2.346292585170340672e+01 1.487724235418214924e+01
2.352304609218436937e+01 1.535736298547596057e+01
2.358316633266532847e+01 1.582308266384157314e+01
2.364328657314629112e+01 1.627314677988764657e+01
2.370340681362725377e+01 1.670659922766411043e+01
2.376352705410821642e+01 1.712287270455705723e+01
2.382364729458917907e+01 1.752183311180806058e+01
2.388376753507013817e+01 1.790376441368963967e+01
2.394388777555110082e+01 1.826929511728090816e+01
2.400400801603206347e+01 1.861928033723351916e+01
2.406412825651302612e+01 1.895466208089823112e+01
2.412424849699398877e+01 1.927633437209438227e+01
2.418436873747494786e+01 1.958503923105514133e+01
2.424448897795591051e+01 1.988131426998203111e+01
2.430460921843687316e+01 2.016550249049753774e+01
2.436472945891783581e+01 2.043782023366864564e+01
2.442484969939879846e+01 2.069846239501192287e+01
2.448496993987975756e+01 2.094770937022815005e+01
2.454509018036072021e+01 2.118599326923980541e+01
2.460521042084168286e+01 2.141388630403564264e+01
2.466533066132264551e+01 2.163199329850062824e+01
2.472545090180360461e+01 2.184075979189963945e+01
2.478557114228456726e+01 2.204023960002679061e+01
2.484569138276552991e+01 2.222989066470036335e+01
2.490581162324649256e+01 2.240847547993202937e+01
2.496593186372745521e+01 2.257412583705502485e+01
2.502605210420841431e+01 2.272459121317530872e+01
2.508617234468937696e+01 2.285763430260412576e+01
2.514629258517033961e+01 2.297148205678089639e+01
2.520641282565130226e+01 2.306520602459652736e+01
2.526653306613226491e+01 2.313890867830266984e+01
2.532665330661322400e+01 2.319363899634999626e+01
2.538677354709418665e+01 2.323104104735666908e+01
2.544689378757514930e+01 2.325282834887357808e+01
2.550701402805611195e+01 2.326024143332329430e+01
2.556713426853707460e+01 2.325365906971751784e+01
2.562725450901803370e+01 2.323248626183947607e+01
2.568737474949899635e+01 2.319535014428712927e+01
2.574749498997995900e+01 2.314053294039926101e+01
2.580761523046092165e+01 2.306649813566327012e+01
2.586773547094188430e+01 2.297234775629841508e+01
2.592785571142284340e+01 2.285808691462977293e+01
2.598797595190380605e+01 2.272464538989386895e+01
2.604809619238476870e+01 2.257368265606194058e+01
2.610821643286573135e+01 2.240725488088504491e+01
2.616833667334669400e+01 2.222743839108464670e+01
2.622845691382765310e+01 2.203598974998014626e+01
2.628857715430861575e+01 2.183409381527714643e+01
2.634869739478957840e+01 2.162222333873211610e+01
2.640881763527054105e+01 2.140011444611057811e+01
2.646893787575150370e+01 2.116685074413575762e+01
2.652905811623246279e+01 2.092103983228505726e+01
2.658917835671342544e+01 2.066105619065013599e+01
2.664929859719438809e+01 2.038531466733736863e+01
2.670941883767535074e+01 2.009253316075695750e+01
2.676953907815631339e+01 1.978194531180627891e+01
2.682965931863727249e+01 1.945343456421584705e+01
2.688977955911823514e+01 1.910757660787510304e+01
2.694989979959919779e+01 1.874559303022470402e+01
2.701002004008016044e+01 1.836923093494800696e+01
2.707014028056111954e+01 1.798058990813000335e+01
2.713026052104208219e+01 1.758192006491488968e+01
2.719038076152304484e+01 1.717541509282622769e+01
2.725050100200400749e+01 1.676302371705847705e+01
2.731062124248497014e+01 1.634630182240780627e+01
2.737074148296592924e+01 1.592632422737334785e+01
2.743086172344689189e+01 1.550366822593435323e+01
2.749098196392785454e+01 1.507846998404923156e+01
2.755110220440881719e+01 1.465054113865960161e+01
2.761122244488977984e+01 1.421951977802830491e+01
2.767134268537073893e+01 1.378502141357559907e+01
2.773146292585170158e+01 1.334675475579709669e+01
2.779158316633266423e+01 1.290457503473901646e+01
2.785170340681362688e+01 1.245846253380899427e+01
2.791182364729458953e+01 1.200843214098903822e+01
2.797194388777554863e+01 1.155439653698230096e+01
2.803206412825651128e+01 1.109601728178621372e+01
2.809218436873747393e+01 1.063258223750474585e+01
2.815230460921843658e+01 1.016294389421800304e+01
2.821242484969939923e+01 9.685542030330998031e+00
2.827254509018035833e+01 9.198517566094835729e+00
2.833266533066132098e+01 8.699905390878322820e+00
2.839278557114228363e+01 8.187876605160399279e+00
2.845290581162324628e+01 7.660990121347027504e+00
2.851302605210420893e+01 7.118414087973241600e+00
2.857314629258516803e+01 6.560089668978601019e+00
2.863326653306613068e+01 5.986828368358557029e+00
2.869338677354709333e+01 5.400350072991559891e+00
2.875350701402805598e+01 4.803273432730033043e+00
2.881362725450901863e+01 4.199060645462276753e+00
2.887374749498997772e+01 3.591902221432431208e+00
2.893386773547094037e+01 2.986517572594522996e+00
2.899398797595190302e+01 2.387856510246086916e+00
2.905410821643286567e+01 1.800716926043911759e+00
2.911422845691382832e+01 1.229333492189643939e+00
2.917434869739478742e+01 6.770209056006655235e-01
2.923446893787575007e+01 1.459550084573609519e-01
2.929458917835671272e+01 -3.628591612357803253e-01
2.935470941883767537e+01 -8.494401237713342656e-01
2.941482965931863447e+01 -1.314567233841463789e+00
2.947494989979959712e+01 -1.759497635300761420e+00
2.953507014028055977e+01 -2.185752275245162135e+00
2.959519038076152242e+01 -2.595021484708783799e+00
2.965531062124248507e+01 -2.989186873329778837e+00
2.971543086172344417e+01 -3.370410598954979520e+00
2.977555110220440682e+01 -3.741222260007932121e+00
2.983567134268536947e+01 -4.104541517332117806e+00
2.989579158316633212e+01 -4.463602298890229747e+00
2.995591182364729477e+01 -4.821777407923450554e+00
3.001603206412825386e+01 -5.182328478581962550e+00
3.007615230460921651e+01 -5.548121119434807902e+00
3.013627254509017916e+01 -5.921351176728251176e+00
3.019639278557114181e+01 -6.303329416739416935e+00
3.025651302605210446e+01 -6.694369393848977445e+00
3.031663326653306356e+01 -7.093813577480437615e+00
3.037675350701402621e+01 -7.500212204709353792e+00
3.043687374749498886e+01 -7.911638333545198520e+00
3.049699398797595151e+01 -8.326087923781958722e+00
3.055711422845691416e+01 -8.741885933912431739e+00
3.061723446893787326e+01 -9.158007732589638294e+00
3.067735470941883591e+01 -9.574234087999835552e+00
3.073747494989979856e+01 -9.991086777447115708e+00
3.079759519038076121e+01 -1.040953597609196457e+01
3.085771543086172386e+01 -1.083052329065769470e+01
3.091783567134268296e+01 -1.125439622365192349e+01
3.097795591182364561e+01 -1.168038824453602409e+01
3.103807615230460826e+01 -1.210628909015061971e+01
3.109819639278557091e+01 -1.252842172431809509e+01
3.115831663326653356e+01 -1.294197552263359263e+01
3.121843687374749265e+01 -1.334165422071485274e+01
3.127855711422845530e+01 -1.372250817676458290e+01
3.133867735470941795e+01 -1.408076215430672029e+01
3.139879759519038060e+01 -1.441444179966890538e+01
3.145891783567134325e+01 -1.472364742711445018e+01
3.151903807615230235e+01 -1.501040888596636336e+01
3.157915831663326500e+01 -1.527815561441038206e+01
3.163927855711422765e+01 -1.553092490116901914e+01
3.169939879759519030e+01 -1.577248770424298030e+01
3.175951903807614940e+01 -1.600558349859941742e+01
3.181963927855711205e+01 -1.623142272899059435e+01
3.187975951903807470e+01 -1.644954706242178588e+01
3.193987975951903735e+01 -1.665805188225876421e+01
3.200000000000000000e+01 -1.685409532425715895e+01
