2.000000000000000000e+00 -1.164580921274388459e+01
2.060120240480961762e+00 -1.139368980598111669e+01
2.120240480961923968e+00 -1.113885730128598262e+01
2.180360721442885730e+00 -1.088701842396217323e+01
2.240480961923847492e+00 -1.064129964947821705e+01
2.300601202404809698e+00 -1.040260375323584441e+01
2.360721442885771459e+00 -1.017034301476641467e+01
2.420841683366733221e+00 -9.943167538533623784e+00
2.480961923847695427e+00 -9.719419432189461361e+00
2.541082164328657189e+00 -9.497236884156576409e+00
2.601202404809619395e+00 -9.274418955429752032e+00
2.661322645290581157e+00 -9.048269884221374681e+00
2.721442885771542919e+00 -8.815639150990689288e+00
2.781563126252505125e+00 -8.573274811976990151e+00
2.841683366733466887e+00 -8.318460253244262859e+00
2.901803607214429093e+00 -8.049766937486781515e+00
2.961923847695390855e+00 -7.767676035640426413e+00
3.022044088176352616e+00 -7.474825270650729436e+00
3.082164328657314378e+00 -7.175723113468704284e+00
3.142284569138276584e+00 -6.875917426124836140e+00
3.202404809619238346e+00 -6.580770458743335993e+00
3.262525050100200552e+00 -6.294129614419653684e+00
3.322645290581162314e+00 -6.017249116233608142e+00
3.382765531062124076e+00 -5.748282767805190652e+00
3.442885771543085838e+00 -5.482531380692643452e+00
3.503006012024048044e+00 -5.213422836866600463e+00
3.563126252505010250e+00 -4.933988668548640710e+00
3.623246492985972012e+00 -4.638448391985564356e+00
3.683366733466933773e+00 -4.323475687462957850e+00
3.743486973947895535e+00 -3.988815216642238592e+00
3.803607214428857741e+00 -3.637115659004722890e+00
3.863727454909819503e+00 -3.273077341864742085e+00
3.923847695390781709e+00 -2.902203667260703224e+00
3.983967935871743471e+00 -2.529533672097865615e+00
4.044088176352705233e+00 -2.158696712422594199e+00
4.104208416833667883e+00 -1.791492375370121959e+00
4.164328657314628757e+00 -1.428015308797233374e+00
4.224448897795591407e+00 -1.067181562051641608e+00
4.284569138276553169e+00 -7.074211184540717401e-01
4.344689378757514930e+00 -3.472998778459031599e-01
4.404809619238476692e+00 1.409166771964129837e-02
4.464929859719438454e+00 3.770354733543115899e-01
4.525050100200401104e+00 7.413193524404788626e-01
4.585170340681361978e+00 1.106497471593655524e+00
4.645290581162324628e+00 1.472161525021412398e+00
4.705410821643286390e+00 1.838140634034840515e+00
4.765531062124248152e+00 2.204599276793683060e+00
4.825651302605210802e+00 2.572045123791496746e+00
4.885771543086171675e+00 2.941277134696375750e+00
4.945891783567134325e+00 3.313298018064057882e+00
5.006012024048096087e+00 3.689195757122055497e+00
5.066132264529057849e+00 4.069982706399269290e+00
5.126252505010020499e+00 4.456380439952445371e+00
5.186372745490981373e+00 4.848557471095156224e+00
5.246492985971944023e+00 5.245858360164990408e+00
5.306613226452905785e+00 5.646592975197643582e+00
5.366733466933867547e+00 6.047969044716197118e+00
5.426853707414829309e+00 6.446239374961022506e+00
5.486973947895791071e+00 6.837095129728257170e+00
5.547094188376753721e+00 7.216275693755111575e+00
5.607214428857715482e+00 7.580299127130713188e+00
5.667334669338677244e+00 7.927164648914668099e+00
5.727454909819639006e+00 8.256858537392265163e+00
5.787575150300600768e+00 8.571518912462492423e+00
5.847695390781563418e+00 8.875182788872423956e+00
5.907815631262524292e+00 9.173136464969953607e+00
5.967935871743486942e+00 9.470992380304906533e+00
6.028056112224448704e+00 9.773692339367947568e+00
6.088176352705410466e+00 1.008466379120044643e+01
6.148296593186372228e+00 1.040532160163105324e+01
6.208416833667334878e+00 1.073501952961384909e+01
6.268537074148296639e+00 1.107143738250803011e+01
6.328657314629258401e+00 1.141127562584461685e+01
6.388777555110220163e+00 1.175105297090206946e+01
6.448897795591181925e+00 1.208778738314169487e+01
6.509018036072143687e+00 1.241939187082012808e+01
6.569138276553106337e+00 1.274471731595722446e+01
6.629258517034068099e+00 1.306329270247067420e+01
6.689378757515029861e+00 1.337490878854082155e+01
6.749498997995991623e+00 1.367923153398145431e+01
6.809619238476953385e+00 1.397560231884205351e+01
6.869739478957916035e+00 1.426309443679873112e+01
6.929859719438877796e+00 1.454078327625855138e+01
6.989979959919839558e+00 1.480809512143923179e+01
7.050100200400801320e+00 1.506506381702525665e+01
7.110220440881763082e+00 1.531236056665329670e+01
7.170340681362724844e+00 1.555105580090574158e+01
7.230460921843687494e+00 1.578218551452602547e+01
7.290581162324649256e+00 1.600628140703219415e+01
7.350701402805611018e+00 1.622304866446294014e+01
7.410821643286572780e+00 1.643132638838951820e+01
7.470941883767534542e+00 1.662936184337561230e+01
7.531062124248497192e+00 1.681531086208615378e+01
7.591182364729458953e+00 1.698778866688480349e+01
7.651302605210420715e+00 1.714627183211322858e+01
7.711422845691382477e+00 1.729120240911363027e+01
7.771543086172344239e+00 1.742375122474449967e+01
7.831663326653306001e+00 1.754532073198064168e+01
7.891783567134268651e+00 1.765696425246057188e+01
7.951903807615230413e+00 1.775893342474007142e+01
8.012024048096192175e+00 1.785052599833377940e+01
8.072144288577153048e+00 1.793030424309749904e+01
8.132264529058115698e+00 1.799662406043692187e+01
8.192384769539078349e+00 1.804830077599716986e+01
8.252505010020040999e+00 1.808518002005516578e+01
8.312625250501001872e+00 1.810840372655273001e+01
8.372745490981962746e+00 1.812025798639054841e+01
8.432865731462925396e+00 1.812362989551623471e+01
8.492985971943888046e+00 1.812123557758109982e+01
8.553106212424850696e+00 1.811486199554948584e+01
8.613226452905811570e+00 1.810486088221386325e+01
8.673346693386772444e+00 1.809004595081790967e+01
8.733466933867735094e+00 1.806800819021075455e+01
8.793587174348697744e+00 1.803573026588188100e+01
8.853707414829658617e+00 1.799029811214783336e+01
8.913827655310621267e+00 1.792950112238338534e+01
8.973947895791582141e+00 1.785217600084680356e+01
9.034068136272544791e+00 1.775825153293435932e+01
9.094188376753507441e+00 1.764855019321924701e+01
9.154308617234468315e+00 1.752446310691462728e+01
9.214428857715430965e+00 1.738762265343949664e+01
9.274549098196391839e+00 1.723965957516222147e+01
9.334669338677354489e+00 1.708207234522340201e+01
9.394789579158317139e+00 1.691618351167360501e+01
9.454909819639278012e+00 1.674313110546410499e+01
9.515030060120238886e+00 1.656384862826281079e+01
9.575150300601201536e+00 1.637901514021451277e+01
9.635270541082164186e+00 1.618898904936466110e+01
9.695390781563126836e+00 1.599375764561372293e+01
9.755511022044087710e+00 1.579293114979352097e+01
9.815631262525048584e+00 1.558579014830471543e+01
9.875751503006011234e+00 1.537137321423956493e+01
9.935871743486973884e+00 1.514858194310801132e+01
9.995991983967936534e+00 1.491628904546481671e+01
1.005611222444889741e+01 1.467345394647616708e+01
1.011623246492986006e+01 1.441926322896059709e+01
1.017635270541082093e+01 1.415330569438576447e+01
1.023647294589178358e+01 1.387576156643585357e+01
1.029659318637274446e+01 1.358754630241149286e+01
1.035671342685370711e+01 1.329032569931126773e+01
1.041683366733466976e+01 1.298633178827637913e+01
1.047695390781563063e+01 1.267796387573598338e+01
1.053707414829659328e+01 1.236724001545319140e+01
1.059719438877755415e+01 1.205523907477043544e+01
1.065731462925851680e+01 1.174170821938668041e+01
1.071743486973947945e+01 1.142498471168990015e+01
1.077755511022044033e+01 1.110229779724697963e+01
1.083767535070140298e+01 1.077040279440643644e+01
1.089779559118236385e+01 1.042639471751438762e+01
1.095791583166332650e+01 1.006848951487190824e+01
1.101803607214428737e+01 9.696567340481550445e+00
1.107815631262525002e+01 9.312340837483921163e+00
1.113827655310621267e+01 8.919117705573322397e+00
1.119839679358717355e+01 8.521235088239841104e+00
1.125851703406813620e+01 8.123319731098389340e+00
1.131863727454909707e+01 7.729552204748454614e+00
1.137875751503005972e+01 7.343085102308334555e+00
1.143887775551102237e+01 6.965701368324015874e+00
1.149899799599198325e+01 6.597726942767462077e+00
1.155911823647294590e+01 6.238157197248157537e+00
1.161923847695390677e+01 5.884933018708701447e+00
1.167935871743486942e+01 5.535307634482107275e+00
1.173947895791583207e+01 5.186264170361283732e+00
1.179959919839679294e+01 4.834957320400946834e+00
1.185971943887775559e+01 4.479147898151405016e+00
1.191983967935871647e+01 4.117577727072828431e+00
1.197995991983967912e+01 3.750209268578293287e+00
1.204008016032064177e+01 3.378250610522438357e+00
1.210020040080160264e+01 3.003917412592652880e+00
1.216032064128256529e+01 2.629948965405313199e+00
1.222044088176352616e+01 2.258976657144899480e+00
1.228056112224448881e+01 1.892907977357160432e+00
1.234068136272544969e+01 1.532506260584354907e+00
1.240080160320641234e+01 1.177299634844495735e+00
1.246092184368737499e+01 8.258512017259516114e-01
1.252104208416833586e+01 4.762999376723748846e-01
1.258116232464929851e+01 1.269844291541820380e-01
1.264128256513025939e+01 -2.230703728681499021e-01
1.270140280561122204e+01 -5.739729430795745824e-01
1.276152304609218469e+01 -9.251441684265494514e-01
1.282164328657314556e+01 -1.275767848634845381e+00
1.288176352705410821e+01 -1.625315844710912394e+00
1.294188376753506908e+01 -1.973917163152962617e+00
1.300200400801603173e+01 -2.322397439644745543e+00
1.306212424849699438e+01 -2.671943712340246968e+00
1.312224448897795526e+01 -3.023500985274415243e+00
1.318236472945891791e+01 -3.377123961847603439e+00
1.324248496993987878e+01 -3.731544006032402994e+00
1.330260521042084143e+01 -4.084152072476157080e+00
1.336272545090180230e+01 -4.431462438992707753e+00
1.342284569138276495e+01 -4.769956292877957083e+00
1.348296593186372760e+01 -5.097065106477930208e+00
1.354308617234468848e+01 -5.411987864330034981e+00
1.360320641282565113e+01 -5.716065525081048371e+00
1.366332665330661200e+01 -6.012552808380890568e+00
1.372344689378757465e+01 -6.305798396299699959e+00
1.378356713426853730e+01 -6.600022333291293286e+00
1.384368737474949818e+01 -6.898014455970738368e+00
1.390380761523046083e+01 -7.200130513095123419e+00
1.396392785571142170e+01 -7.503912357012882950e+00
1.402404809619238435e+01 -7.804508961825376900e+00
1.408416833667334700e+01 -8.095856782162714538e+00
1.414428857715430787e+01 -8.372345706787683639e+00
1.420440881763527052e+01 -8.630518541478846117e+00
1.426452905811623140e+01 -8.870290857083366731e+00
1.432464929859719405e+01 -9.095270782071036564e+00
1.438476953907815670e+01 -9.311996385205025817e+00
1.444488977955911757e+01 -9.528231953176657498e+00
1.450501002004008022e+01 -9.750775219147310935e+00
1.456513026052104109e+01 -9.983418349323670782e+00
1.462525050100200374e+01 -1.022569938752246088e+01
1.468537074148296462e+01 -1.047286387654166795e+01
1.474549098196392727e+01 -1.071708913118734685e+01
1.480561122244488992e+01 -1.094962484756038990e+01
1.486573146292585079e+01 -1.116320942053385679e+01
1.492585170340681344e+01 -1.135403468063259425e+01
1.498597194388777432e+01 -1.152268356655400972e+01
1.504609218436873697e+01 -1.167380160011419576e+01
1.510621242484969962e+01 -1.181466556260026479e+01
1.516633266533066049e+01 -1.195314347922799136e+01
1.522645290581162314e+01 -1.209569220925912170e+01
1.528657314629258401e+01 -1.224597392743055124e+01
1.534669338677354666e+01 -1.240442880498701328e+01
1.540681362725450931e+01 -1.256881343280137031e+01
1.546693386773547019e+01 -1.273541690019723305e+01
1.552705410821643284e+01 -1.290049169394248985e+01
1.558717434869739371e+01 -1.306142883818876754e+01
1.564729458917835636e+01 -1.321735301875523483e+01
1.570741482965931723e+01 -1.336905276032310042e+01
1.576753507014027988e+01 -1.351840445738908336e+01
1.582765531062124253e+01 -1.366760786046952525e+01
1.588777555110220341e+01 -1.381856328356748342e+01
1.594789579158316606e+01 -1.397257974666133151e+01
1.600801603206412693e+01 -1.413036703413568596e+01
1.606813627254508958e+01 -1.429204582384816469e+01
1.612825651302605223e+01 -1.445683345944891940e+01
1.618837675350701488e+01 -1.462220464457545965e+01
1.624849699398797753e+01 -1.478266085601294932e+01
1.630861723446893663e+01 -1.492863115911186611e+01
1.636873747494989928e+01 -1.504626678322474653e+01
1.642885771543086193e+01 -1.511880765744783872e+01
1.648897795591182103e+01 -1.512974276713865684e+01
1.654909819639278368e+01 -1.506728375176144219e+01
1.660921843687374633e+01 -1.492898984557248987e+01
1.666933867735470898e+01 -1.472502361579854657e+01
1.672945891783567163e+01 -1.447868305228555208e+01
1.678957915831663428e+01 -1.422355047930060401e+01
1.684969939879759693e+01 -1.399761242594525967e+01
1.690981963927855602e+01 -1.383568838979609339e+01
1.696993987975951867e+01 -1.376210842150356051e+01
1.703006012024047777e+01 -1.378558135109104654e+01
1.709018036072144042e+01 -1.389759415843261436e+01
1.715030060120240307e+01 -1.407468532833281216e+01
1.721042084168336572e+01 -1.428387286772945508e+01
1.727054108216432837e+01 -1.448972272050374421e+01
1.733066132264529102e+01 -1.466123429628861707e+01
1.739078156312625367e+01 -1.477694252585015988e+01
1.745090180360721632e+01 -1.482726999498600406e+01
1.751102204408817542e+01 -1.481398164932254957e+01
1.757114228456913807e+01 -1.474734812800350170e+01
1.763126252505009717e+01 -1.464211387633697825e+01
1.769138276553105982e+01 -1.451349453953008428e+01
1.775150300601202247e+01 -1.437420848540373086e+01
1.781162324649298512e+01 -1.423308543103505563e+01
1.787174348697394777e+01 -1.409524798917596655e+01
1.793186372745491042e+01 -1.396339026153381724e+01
1.799198396793587307e+01 -1.383940533814745066e+01
1.805210420841683217e+01 -1.372560162590347943e+01
1.811222444889779482e+01 -1.362498399089902534e+01
1.817234468937875747e+01 -1.354047866286338930e+01
1.823246492985972012e+01 -1.347341950747447470e+01
1.829258517034067921e+01 -1.342193960329326430e+01
1.835270541082164186e+01 -1.338000616588414715e+01
1.841282565130260451e+01 -1.333765212378952292e+01
1.847294589178356716e+01 -1.328254721247134107e+01
1.853306613226452981e+01 -1.320255867090398283e+01
1.859318637274548891e+01 -1.308856090715355691e+01
1.865330661322645156e+01 -1.293661808040301686e+01
1.871342685370741421e+01 -1.274884138861414407e+01
1.877354709418837686e+01 -1.253265085678865809e+01
1.883366733466933951e+01 -1.229869086980436954e+01
1.889378757515029861e+01 -1.205807032753145513e+01
1.895390781563126126e+01 -1.181977728505937542e+01
1.901402805611222391e+01 -1.158900620226249067e+01
1.907414829659318656e+01 -1.136679217708867284e+01
1.913426853707414921e+01 -1.115090464881540555e+01
1.919438877755510831e+01 -1.093756656119359327e+01
1.925450901803607096e+01 -1.072335215014835264e+01
1.931462925851703361e+01 -1.050662592727544720e+01
1.937474949899799626e+01 -1.028809024451038923e+01
1.943486973947895891e+01 -1.007032631935060429e+01
1.949498997995991800e+01 -9.856538385705336580e+00
1.955511022044088065e+01 -9.648948503221605577e+00
1.961523046092184330e+01 -9.447381810088950616e+00
1.967535070140280595e+01 -9.248515594875296841e+00
1.973547094188376860e+01 -9.046069649675466451e+00
1.979559118236472770e+01 -8.831948419007048301e+00
1.985571142284569035e+01 -8.598078262671982941e+00
1.991583166332665300e+01 -8.338482261516128702e+00
1.997595190380761565e+01 -8.051049372749044863e+00
2.003607214428857475e+01 -7.738506631814104253e+00
2.009619238476953740e+01 -7.408283478683329371e+00
2.015631262525050005e+01 -7.071226418578784312e+00
2.021643286573146270e+01 -6.739416247475696231e+00
2.027655310621242535e+01 -6.423584113556366937e+00
2.033667334669338445e+01 -6.130749155456679311e+00
2.039679358717434710e+01 -5.862668439350564142e+00
2.045691382765530975e+01 -5.615499610195611169e+00
2.051703406813627240e+01 -5.380773013885116640e+00
2.057715430861723505e+01 -5.147432634769769422e+00
2.063727454909819414e+01 -4.904426497948025876e+00
2.069739478957915679e+01 -4.643185577085906957e+00
2.075751503006011944e+01 -4.359366527478159448e+00
2.081763527054108209e+01 -4.053438544739826455e+00
2.087775551102204474e+01 -3.730011524821055247e+00
2.093787575150300384e+01 -3.396143195295565409e+00
2.099799599198396649e+01 -3.059132252502454907e+00
2.105811623246492914e+01 -2.724428272692393627e+00
2.111823647294589179e+01 -2.394234110112317016e+00
2.117835671342685444e+01 -2.067160452646185309e+00
2.123847695390781354e+01 -1.738979123439270191e+00
2.129859719438877619e+01 -1.404203380149842140e+00
2.135871743486973884e+01 -1.057992645630460249e+00
2.141883767535070149e+01 -6.978020212733161420e-01
2.147895791583166414e+01 -3.242934359368424557e-01
2.153907815631262324e+01 5.873698105666516622e-02
2.159919839679358589e+01 4.453562346168566943e-01
2.165931863727454854e+01 8.290799539239508409e-01
2.171943887775551119e+01 1.204543276796749884e+00
2.177955911823647384e+01 1.568748451842258751e+00
2.183967935871743293e+01 1.921533559638177069e+00
2.189979959919839558e+01 2.265167594322365474e+00
2.195991983967935823e+01 2.603260579245441519e+00
2.202004008016032088e+01 2.939391321225073295e+00
2.208016032064128353e+01 3.275930630117546816e+00
2.214028056112224263e+01 3.613451053846130634e+00
2.220040080160320528e+01 3.950896379031133776e+00
2.226052104208416793e+01 4.286410804350931691e+00
2.232064128256513058e+01 4.618493532172053051e+00
2.238076152304608968e+01 4.947030933970140154e+00
2.244088176352705233e+01 5.273804808369305874e+00
2.250100200400801498e+01 5.602264556904254178e+00
2.256112224448897763e+01 5.936615532514865734e+00
2.262124248496994028e+01 6.280520848949847412e+00
2.268136272545089938e+01 6.635852549318745019e+00
2.274148296593186203e+01 7.001912385262571981e+00
2.280160320641282468e+01 7.375381090553554841e+00
2.286172344689378733e+01 7.751008830264549232e+00
2.292184368737474998e+01 8.122818030240884113e+00
2.298196392785570907e+01 8.485437279456839121e+00
2.304208416833667172e+01 8.835169440565932675e+00
2.310220440881763437e+01 9.170514355461515166e+00
2.316232464929859702e+01 9.492065066891179015e+00
2.322244488977955967e+01 9.801899899923332882e+00
2.328256513026051877e+01 1.010273017988741451e+01
2.334268537074148142e+01 1.039709524423290077e+01
2.340280561122244407e+01 1.068682596763060388e+01
2.346292585170340672e+01 1.097286524169850352e+01
2.352304609218436937e+01 1.125539599109509936e+01
2.358316633266532847e+01 1.153413508476938532e+01
2.364328657314629112e+01 1.180863074293742443e+01
2.370340681362725377e+01 1.207844631750847952e+01
2.376352705410821642e+01 1.234319456284172745e+01
2.382364729458917907e+01 1.260246436916247958e+01
2.388376753507013817e+01 1.285572479137237778e+01
2.394388777555110082e+01 1.310228692443174481e+01
2.400400801603206347e+01 1.334136244330960430e+01
2.406412825651302612e+01 1.357220300537946578e+01
2.412424849699398877e+01 1.379426412360585452e+01
2.418436873747494786e+01 1.400732755795280937e+01
2.424448897795591051e+01 1.421153816147350568e+01
2.430460921843687316e+01 1.440734987930898114e+01
2.436472945891783581e+01 1.459541019696831121e+01
2.442484969939879846e+01 1.477642624769409352e+01
2.448496993987975756e+01 1.495104490839111477e+01
2.454509018036072021e+01 1.511975296375930000e+01
2.460521042084168286e+01 1.528277903815085104e+01
2.466533066132264551e+01 1.543997234626993098e+01
2.472545090180360461e+01 1.559065094735436396e+01
2.478557114228456726e+01 1.573344816641355770e+01
2.484569138276552991e+01 1.586622408756594105e+01
2.490581162324649256e+01 1.598612948961207714e+01
2.496593186372745521e+01 1.608989580149690823e+01
2.502605210420841431e+01 1.617437048816735867e+01
2.508617234468937696e+01 1.623723166829650211e+01
2.514629258517033961e+01 1.627772366731271703e+01
2.520641282565130226e+01 1.629719277820807832e+01
2.526653306613226491e+01 1.629920531186737520e+01
2.532665330661322400e+01 1.628911649235875814e+01
2.538677354709418665e+01 1.627311566269417753e+01
2.544689378757514930e+01 1.625695255420805552e+01
2.550701402805611195e+01 1.624468232700814596e+01
2.556713426853707460e+01 1.623779301365145145e+01
2.562725450901803370e+01 1.623497561078681883e+01
2.568737474949899635e+01 1.623259591348438136e+01
2.574749498997995900e+01 1.622570347945360680e+01
2.580761523046092165e+01 1.620925302667309253e+01
2.586773547094188430e+01 1.617917530721125630e+01
2.592785571142284340e+01 1.613302329910001731e+01
2.598797595190380605e+01 1.607008907403227127e+01
2.604809619238476870e+01 1.599106433153697004e+01
2.610821643286573135e+01 1.589743884088357717e+01
2.616833667334669400e+01 1.579086498970097807e+01
2.622845691382765310e+01 1.567267183365088279e+01
2.628857715430861575e+01 1.554362367697429725e+01
2.634869739478957840e+01 1.540392689091378031e+01
2.640881763527054105e+01 1.525342271520997173e+01
2.646893787575150370e+01 1.509187251473252722e+01
2.652905811623246279e+01 1.491923993370201451e+01
2.658917835671342544e+01 1.473589087957310717e+01
2.664929859719438809e+01 1.454265912649612602e+01
2.670941883767535074e+01 1.434075907416788098e+01
2.676953907815631339e+01 1.413156578341417102e+01
2.682965931863727249e+01 1.391632050976000201e+01
2.688977955911823514e+01 1.369584720978145853e+01
2.694989979959919779e+01 1.347036977213592124e+01
2.701002004008016044e+01 1.323949388729630172e+01
2.707014028056111954e+01 1.300236549071588321e+01
2.713026052104208219e+01 1.275795597992809860e+01
2.719038076152304484e+01 1.250537652449244064e+01
2.725050100200400749e+01 1.224411079552986870e+01
2.731062124248497014e+01 1.197408591907058373e+01
2.737074148296592924e+01 1.169556635136544642e+01
2.743086172344689189e+01 1.140893026800543986e+01
2.749098196392785454e+01 1.111444231084408507e+01
2.755110220440881719e+01 1.081214569872214248e+01
2.761122244488977984e+01 1.050195315769286530e+01
2.767134268537073893e+01 1.018393343233415393e+01
2.773146292585170158e+01 9.858699030362815918e+00
2.779158316633266423e+01 9.527737947487956660e+00
2.785170340681362688e+01 9.193525573700878084e+00
2.791182364729458953e+01 8.859310709818316809e+00
2.797194388777554863e+01 8.528575026298195638e+00
2.803206412825651128e+01 8.204282571930693990e+00
2.809218436873747393e+01 7.888123121009647853e+00
2.815230460921843658e+01 7.579977766555360041e+00
2.821242484969939923e+01 7.277786297216502831e+00
2.827254509018035833e+01 6.977887894628888255e+00
2.833266533066132098e+01 6.675773518096500325e+00
2.839278557114228363e+01 6.367071196747857265e+00
2.845290581162324628e+01 6.048518837434550655e+00
2.851302605210420893e+01 5.718680632992122703e+00
2.857314629258516803e+01 5.378229714945477191e+00
2.863326653306613068e+01 5.029730884887803732e+00
2.869338677354709333e+01 4.676982653052588645e+00
2.875350701402805598e+01 4.324085675062565137e+00
2.881362725450901863e+01 3.974469337548552250e+00
2.887374749498997772e+01 3.630115055754893572e+00
2.893386773547094037e+01 3.291162667833833488e+00
2.899398797595190302e+01 2.955987676951590259e+00
2.905410821643286567e+01 2.621716016096298674e+00
2.911422845691382832e+01 2.285030162489983141e+00
2.917434869739478742e+01 1.943045950171279790e+00
2.923446893787575007e+01 1.594024684328540831e+00
2.929458917835671272e+01 1.237735780646638473e+00
2.935470941883767537e+01 8.753880091667923802e-01
2.941482965931863447e+01 5.091732669921529286e-01
2.947494989979959712e+01 1.415784387498577324e-01
2.953507014028055977e+01 -2.253153948792325501e-01
2.959519038076152242e+01 -5.903306860496130293e-01
2.965531062124248507e+01 -9.533415177083448544e-01
2.971543086172344417e+01 -1.315037981608102147e+00
2.977555110220440682e+01 -1.676392977909764825e+00
2.983567134268536947e+01 -2.038008422124386154e+00
2.989579158316633212e+01 -2.399552625659940652e+00
2.995591182364729477e+01 -2.759471135554711463e+00
3.001603206412825386e+01 -3.115071268260596327e+00
3.007615230460921651e+01 -3.462972348595560135e+00
3.013627254509017916e+01 -3.799811075972860053e+00
3.019639278557114181e+01 -4.123021981151947735e+00
3.025651302605210446e+01 -4.431492848859113209e+00
3.031663326653306356e+01 -4.725926595579020173e+00
3.037675350701402621e+01 -5.008814079938861852e+00
3.043687374749498886e+01 -5.284017390990609186e+00
3.049699398797595151e+01 -5.556056750506694009e+00
3.055711422845691416e+01 -5.829263433211371748e+00
3.061723446893787326e+01 -6.106988901388024082e+00
3.067735470941883591e+01 -6.391039696957176552e+00
3.073747494989979856e+01 -6.681444501685773751e+00
3.079759519038076121e+01 -6.976572466309701070e+00
3.085771543086172386e+01 -7.273536190190463380e+00
3.091783567134268296e+01 -7.568753614058457480e+00
3.097795591182364561e+01 -7.858526127286327601e+00
3.103807615230460826e+01 -8.139516050005839887e+00
3.109819639278557091e+01 -8.409061497903183025e+00
3.115831663326653356e+01 -8.665328317932164737e+00
3.121843687374749265e+01 -8.907345863826373389e+00
3.127855711422845530e+01 -9.134992880284446670e+00
3.133867735470941795e+01 -9.348990323789406531e+00
3.139879759519038060e+01 -9.550927809457856910e+00
3.145891783567134325e+01 -9.743312225650562652e+00
3.151903807615230235e+01 -9.929592950716491728e+00
3.157915831663326500e+01 -1.011409679668499173e+01
3.163927855711422765e+01 -1.030180278530770899e+01
3.169939879759519030e+01 -1.049790543666699705e+01
3.175951903807614940e+01 -1.070715658478859034e+01
3.181963927855711205e+01 -1.093303696056101160e+01
3.187975951903807470e+01 -1.117688015894376008e+01
3.193987975951903735e+01 -1.143713511601704624e+01
3.200000000000000000e+01 -1.170898491698890531e+01
