2.000000000000000000e+00 -1.470549181631312052e+01
2.060120240480961762e+00 -1.456112593178390568e+01
2.120240480961923968e+00 -1.440597851856203171e+01
2.180360721442885730e+00 -1.423544444697913747e+01
2.240480961923847492e+00 -1.404561207485011209e+01
2.300601202404809698e+00 -1.383326895478550789e+01
2.360721442885771459e+00 -1.359585656668234854e+01
2.420841683366733221e+00 -1.333145509673841467e+01
2.480961923847695427e+00 -1.303885501447457962e+01
2.541082164328657189e+00 -1.271773488482194026e+01
2.601202404809619395e+00 -1.236892248761769331e+01
2.661322645290581157e+00 -1.199467640074001551e+01
2.721442885771542919e+00 -1.159889588419784978e+01
2.781563126252505125e+00 -1.118715662341489470e+01
2.841683366733466887e+00 -1.076648509033533863e+01
2.901803607214429093e+00 -1.034482648875641964e+01
2.961923847695390855e+00 -9.930225284999902868e+00
3.022044088176352616e+00 -9.529811400188096471e+00
3.082164328657314378e+00 -9.148752578911073741e+00
3.142284569138276584e+00 -8.789375542447121603e+00
3.202404809619238346e+00 -8.450658590203035558e+00
3.262525050100200552e+00 -8.128246993827568545e+00
3.322645290581162314e+00 -7.815043433847021603e+00
3.382765531062124076e+00 -7.502298473521866740e+00
3.442885771543085838e+00 -7.181003672231156543e+00
3.503006012024048044e+00 -6.843309418056551685e+00
3.563126252505010250e+00 -6.483678389835427325e+00
3.623246492985972012e+00 -6.099550058483837134e+00
3.683366733466933773e+00 -5.691413184910290468e+00
3.743486973947895535e+00 -5.262324833207402186e+00
3.803607214428857741e+00 -4.817034531533380459e+00
3.863727454909819503e+00 -4.360939904266960099e+00
3.923847695390781709e+00 -3.899104180448963675e+00
3.983967935871743471e+00 -3.435515613200912366e+00
4.044088176352705233e+00 -2.972686704874062169e+00
4.104208416833667883e+00 -2.511603545211043009e+00
4.164328657314628757e+00 -2.051964036570469663e+00
4.224448897795591407e+00 -1.592600479549994397e+00
4.284569138276553169e+00 -1.131969356329771692e+00
4.344689378757514930e+00 -6.686041465399127359e-01
4.404809619238476692e+00 -2.014564894428139685e-01
4.464929859719438454e+00 2.699131022469073438e-01
4.525050100200401104e+00 7.453000455416863845e-01
4.585170340681361978e+00 1.223955254157013561e+00
4.645290581162324628e+00 1.704783356769518754e+00
4.705410821643286390e+00 2.186598276686280595e+00
4.765531062124248152e+00 2.668397385304303260e+00
4.825651302605210802e+00 3.149621613506266460e+00
4.885771543086171675e+00 3.630374226276614102e+00
4.945891783567134325e+00 4.111571958694006490e+00
5.006012024048096087e+00 4.594998362381176094e+00
5.066132264529057849e+00 5.083224326461980525e+00
5.126252505010020499e+00 5.579362438176164396e+00
5.186372745490981373e+00 6.086638518196604508e+00
5.246492985971944023e+00 6.607799611375019921e+00
5.306613226452905785e+00 7.144428802304014781e+00
5.366733466933867547e+00 7.696289674290227367e+00
5.426853707414829309e+00 8.260857081798567592e+00
5.486973947895791071e+00 8.833187428412983877e+00
5.547094188376753721e+00 9.406231707798426100e+00
5.607214428857715482e+00 9.971604200859687239e+00
5.667334669338677244e+00 1.052071005691724359e+01
5.727454909819639006e+00 1.104603624825127106e+01
5.787575150300600768e+00 1.154235218644661742e+01
5.847695390781563418e+00 1.200756791071200880e+01
5.907815631262524292e+00 1.244306195729794773e+01
5.967935871743486942e+00 1.285340317419339229e+01
6.028056112224448704e+00 1.324552314681779208e+01
6.088176352705410466e+00 1.362751540700817188e+01
6.148296593186372228e+00 1.400731436306782207e+01
6.208416833667334878e+00 1.439152208098772512e+01
6.268537074148296639e+00 1.478460190776926275e+01
6.328657314629258401e+00 1.518855887615528566e+01
6.388777555110220163e+00 1.560310583798929507e+01
6.448897795591181925e+00 1.602620485675294049e+01
6.509018036072143687e+00 1.645480425115675871e+01
6.569138276553106337e+00 1.688557753746780676e+01
6.629258517034068099e+00 1.731550783276125571e+01
6.689378757515029861e+00 1.774223091995588675e+01
6.749498997995991623e+00 1.816412594590509499e+01
6.809619238476953385e+00 1.858020193720011193e+01
6.869739478957916035e+00 1.898985951748166201e+01
6.929859719438877796e+00 1.939261174995642278e+01
6.989979959919839558e+00 1.978783550984527295e+01
7.050100200400801320e+00 2.017460560402557590e+01
7.110220440881763082e+00 2.055164343089563772e+01
7.170340681362724844e+00 2.091738994317969258e+01
7.230460921843687494e+00 2.127018681271026779e+01
7.290581162324649256e+00 2.160852131719596514e+01
7.350701402805611018e+00 2.193126697126909974e+01
7.410821643286572780e+00 2.223784407896479820e+01
7.470941883767534542e+00 2.252823977888392548e+01
7.531062124248497192e+00 2.280286418307886720e+01
7.591182364729458953e+00 2.306226612906709050e+01
7.651302605210420715e+00 2.330677240841391651e+01
7.711422845691382477e+00 2.353613561681232724e+01
7.771543086172344239e+00 2.374927567823299057e+01
7.831663326653306001e+00 2.394418573755358182e+01
7.891783567134268651e+00 2.411805353485773296e+01
7.951903807615230413e+00 2.426762670344580286e+01
8.012024048096192175e+00 2.438981693820148422e+01
8.072144288577153048e+00 2.448248294605474484e+01
8.132264529058115698e+00 2.454525549009465379e+01
8.192384769539078349e+00 2.458019134386232452e+01
8.252505010020040999e+00 2.459200793951451658e+01
8.312625250501001872e+00 2.458769922075216385e+01
8.372745490981962746e+00 2.457548102648031829e+01
8.432865731462925396e+00 2.456322902784535245e+01
8.492985971943888046e+00 2.455677690076202069e+01
8.553106212424850696e+00 2.455854587266934175e+01
8.613226452905811570e+00 2.456691881489832952e+01
8.673346693386772444e+00 2.457655876507277171e+01
8.733466933867735094e+00 2.457957936475191474e+01
8.793587174348697744e+00 2.456721683307488391e+01
8.853707414829658617e+00 2.453152807533332691e+01
8.913827655310621267e+00 2.446668563091115445e+01
8.973947895791582141e+00 2.436962226201205084e+01
9.034068136272544791e+00 2.424001020808039542e+01
9.094188376753507441e+00 2.407974967313201020e+01
9.154308617234468315e+00 2.389222880743406208e+01
9.214428857715430965e+00 2.368159613198890412e+01
9.274549098196391839e+00 2.345219259687315727e+01
9.334669338677354489e+00 2.320817919503956261e+01
9.394789579158317139e+00 2.295331370904666102e+01
9.454909819639278012e+00 2.269079858270690764e+01
9.515030060120238886e+00 2.242313689161478862e+01
9.575150300601201536e+00 2.215197421673041234e+01
9.635270541082164186e+00 2.187794676119065329e+01
9.695390781563126836e+00 2.160058297191329757e+01
9.755511022044087710e+00 2.131831092022442675e+01
9.815631262525048584e+00 2.102860982429503167e+01
9.875751503006011234e+00 2.072831889979035580e+01
9.935871743486973884e+00 2.041408729583426407e+01
9.995991983967936534e+00 2.008291945770281473e+01
1.005611222444889741e+01 1.973274314849100008e+01
1.011623246492986006e+01 1.936290575245287116e+01
1.017635270541082093e+01 1.897449461053827235e+01
1.023647294589178358e+01 1.857038737801833150e+01
1.029659318637274446e+01 1.815497497565738172e+01
1.035671342685370711e+01 1.773356129660945868e+01
1.041683366733466976e+01 1.731151854654163103e+01
1.047695390781563063e+01 1.689334456797849526e+01
1.053707414829659328e+01 1.648180684383876837e+01
1.059719438877755415e+01 1.607735245843574390e+01
1.065731462925851680e+01 1.567791306025178066e+01
1.071743486973947945e+01 1.527915211263126416e+01
1.077755511022044033e+01 1.487511102759563641e+01
1.083767535070140298e+01 1.445913466072979148e+01
1.089779559118236385e+01 1.402491163627520265e+01
1.095791583166332650e+01 1.356745646672433381e+01
1.101803607214428737e+01 1.308388341867476967e+01
1.107815631262525002e+01 1.257386558040028213e+01
1.113827655310621267e+01 1.203972509270019309e+01
1.119839679358717355e+01 1.148615362853354505e+01
1.125851703406813620e+01 1.091961126471042753e+01
1.131863727454909707e+01 1.034749400355599036e+01
1.137875751503005972e+01 9.777191933150669811e+00
1.143887775551102237e+01 9.215176477236944663e+00
1.149899799599198325e+01 8.666251379713390435e+00
1.155911823647294590e+01 8.133075564958044623e+00
1.161923847695390677e+01 7.616019317001428313e+00
1.167935871743486942e+01 7.113356391887911023e+00
1.173947895791583207e+01 6.621735843805760524e+00
1.179959919839679294e+01 6.136831630625423806e+00
1.185971943887775559e+01 5.654045976555250874e+00
1.191983967935871647e+01 5.169148743220554287e+00
1.197995991983967912e+01 4.678766834422213527e+00
1.204008016032064177e+01 4.180684738004132761e+00
1.210020040080160264e+01 3.673964891160785839e+00
1.216032064128256529e+01 3.158930017086202469e+00
1.222044088176352616e+01 2.637059785074789886e+00
1.228056112224448881e+01 2.110841104829232595e+00
1.234068136272544969e+01 1.583584384345561036e+00
1.240080160320641234e+01 1.059191992242790148e+00
1.246092184368737499e+01 5.418541110959853579e-01
1.252104208416833586e+01 3.565860415215382079e-02
1.258116232464929851e+01 -4.558669901798441670e-01
1.264128256513025939e+01 -9.302231772112182773e-01
1.270140280561122204e+01 -1.386325433469177693e+00
1.276152304609218469e+01 -1.824710184280446734e+00
1.282164328657314556e+01 -2.247480964454098729e+00
1.288176352705410821e+01 -2.657966454627114672e+00
1.294188376753506908e+01 -3.060130312544509401e+00
1.300200400801603173e+01 -3.457840226027834696e+00
1.306212424849699438e+01 -3.854150546627843621e+00
1.312224448897795526e+01 -4.250763790021599320e+00
1.318236472945891791e+01 -4.647804902335836097e+00
1.324248496993987878e+01 -5.043973442150888609e+00
1.330260521042084143e+01 -5.437048037643208431e+00
1.336272545090180230e+01 -5.824626844055964980e+00
1.342284569138276495e+01 -6.204921135711259694e+00
1.348296593186372760e+01 -6.577396299071095243e+00
1.354308617234468848e+01 -6.943085193041347303e+00
1.360320641282565113e+01 -7.304479021777080305e+00
1.366332665330661200e+01 -7.665011577760533434e+00
1.372344689378757465e+01 -8.028263826254917745e+00
1.378356713426853730e+01 -8.397094337364112704e+00
1.384368737474949818e+01 -8.772922064956928168e+00
1.390380761523046083e+01 -9.155343828888918623e+00
1.396392785571142170e+01 -9.542173022435351371e+00
1.402404809619238435e+01 -9.929868899217931144e+00
1.408416833667334700e+01 -1.031422395227360767e+01
1.414428857715430787e+01 -1.069112046360133128e+01
1.420440881763527052e+01 -1.105716975755733422e+01
1.426452905811623140e+01 -1.141010241366573119e+01
1.432464929859719405e+01 -1.174886177544945731e+01
1.438476953907815670e+01 -1.207343652171862836e+01
1.444488977955911757e+01 -1.238452471004234745e+01
1.450501002004008022e+01 -1.268313824803936640e+01
1.456513026052104109e+01 -1.297023662949387024e+01
1.462525050100200374e+01 -1.324643959079451250e+01
1.468537074148296462e+01 -1.351183343010765903e+01
1.474549098196392727e+01 -1.376587281999525025e+01
1.480561122244488992e+01 -1.400739174027850176e+01
1.486573146292585079e+01 -1.423475873638393807e+01
1.492585170340681344e+01 -1.444621731007290144e+01
1.498597194388777432e+01 -1.464041964833362108e+01
1.504609218436873697e+01 -1.481708788937162957e+01
1.510621242484969962e+01 -1.497764553870041482e+01
1.516633266533066049e+01 -1.512559748006874827e+01
1.522645290581162314e+01 -1.526644675221692715e+01
1.528657314629258401e+01 -1.540704221308894439e+01
1.534669338677354666e+01 -1.555443295898474076e+01
1.540681362725450931e+01 -1.571449984611604300e+01
1.546693386773547019e+01 -1.589075855292028372e+01
1.552705410821643284e+01 -1.608371635223808482e+01
1.558717434869739371e+01 -1.629100220194191095e+01
1.564729458917835636e+01 -1.650822914345809878e+01
1.570741482965931723e+01 -1.673029079630909166e+01
1.576753507014027988e+01 -1.695264724048935889e+01
1.582765531062124253e+01 -1.717218204588746033e+01
1.588777555110220341e+01 -1.738739629102088458e+01
1.594789579158316606e+01 -1.759795919063412484e+01
1.600801603206412693e+01 -1.780384186141411718e+01
1.606813627254508958e+01 -1.800433778287261077e+01
1.612825651302605223e+01 -1.819721718316957748e+01
1.618837675350701488e+01 -1.837814883722196058e+01
1.624849699398797753e+01 -1.854045507897931344e+01
1.630861723446893663e+01 -1.867529897223858981e+01
1.636873747494989928e+01 -1.877249122475373255e+01
1.642885771543086193e+01 -1.882211858427542239e+01
1.648897795591182103e+01 -1.881700653640318777e+01
1.654909819639278368e+01 -1.875562049756823058e+01
1.660921843687374633e+01 -1.864453687787607805e+01
1.666933867735470898e+01 -1.849935883727987829e+01
1.672945891783567163e+01 -1.834316710330677580e+01
1.678957915831663428e+01 -1.820234007578329738e+01
1.684969939879759693e+01 -1.810061620044233166e+01
1.690981963927855602e+01 -1.805315241114798752e+01
1.696993987975951867e+01 -1.806259789400423088e+01
1.703006012024047777e+01 -1.811864075610539615e+01
1.709018036072144042e+01 -1.820127179298466658e+01
1.715030060120240307e+01 -1.828664782682766088e+01
1.721042084168336572e+01 -1.835351935417160618e+01
1.727054108216432837e+01 -1.838810227913484496e+01
1.733066132264529102e+01 -1.838601977921459962e+01
1.739078156312625367e+01 -1.835114326002027596e+01
1.745090180360721632e+01 -1.829227655119628082e+01
1.751102204408817542e+01 -1.821921151741775446e+01
1.757114228456913807e+01 -1.813958593512529660e+01
1.763126252505009717e+01 -1.805736405630491959e+01
1.769138276553105982e+01 -1.797299146428256122e+01
1.775150300601202247e+01 -1.788469183689754161e+01
1.781162324649298512e+01 -1.779015246778978110e+01
1.787174348697394777e+01 -1.768796081768360295e+01
1.793186372745491042e+01 -1.757844227774483414e+01
1.799198396793587307e+01 -1.746382813369660525e+01
1.805210420841683217e+01 -1.734784859553579395e+01
1.811222444889779482e+01 -1.723490004016440480e+01
1.817234468937875747e+01 -1.712894529086571183e+01
1.823246492985972012e+01 -1.703233505297041361e+01
1.829258517034067921e+01 -1.694479856716041155e+01
1.835270541082164186e+01 -1.686289554304546101e+01
1.841282565130260451e+01 -1.678018327062123660e+01
1.847294589178356716e+01 -1.668819842420664656e+01
1.853306613226452981e+01 -1.657811242448813260e+01
1.859318637274548891e+01 -1.644267907950466423e+01
1.865330661322645156e+01 -1.627795597663761740e+01
1.871342685370741421e+01 -1.608431340600911952e+01
1.877354709418837686e+01 -1.586644370444300023e+01
1.883366733466933951e+01 -1.563237818666674528e+01
1.889378757515029861e+01 -1.539180041073795380e+01
1.895390781563126126e+01 -1.515411631168976925e+01
1.901402805611222391e+01 -1.492675594050809984e+01
1.907414829659318656e+01 -1.471405339827804504e+01
1.913426853707414921e+01 -1.451684520810424495e+01
1.919438877755510831e+01 -1.433272384218292572e+01
1.925450901803607096e+01 -1.415674668660379432e+01
1.931462925851703361e+01 -1.398235806477915233e+01
1.937474949899799626e+01 -1.380232033657810042e+01
1.943486973947895891e+01 -1.360953143475346394e+01
1.949498997995991800e+01 -1.339768755182720916e+01
1.955511022044088065e+01 -1.316180060122366591e+01
1.961523046092184330e+01 -1.289859080394787938e+01
1.967535070140280595e+01 -1.260675480788121305e+01
1.973547094188376860e+01 -1.228708001011799489e+01
1.979559118236472770e+01 -1.194235845631253135e+01
1.985571142284569035e+01 -1.157706370191460188e+01
1.991583166332665300e+01 -1.119679351496080066e+01
1.997595190380761565e+01 -1.080753899097242687e+01
2.003607214428857475e+01 -1.041489588344171580e+01
2.009619238476953740e+01 -1.002336463568335567e+01
2.015631262525050005e+01 -9.635877166592825560e+00
2.021643286573146270e+01 -9.253640088165598243e+00
2.027655310621242535e+01 -8.876309181877982013e+00
2.033667334669338445e+01 -8.502431072802918877e+00
2.039679358717434710e+01 -8.130028050811350937e+00
2.045691382765530975e+01 -7.757176672570889941e+00
2.051703406813627240e+01 -7.382444797902361522e+00
2.057715430861723505e+01 -7.005098868679933588e+00
2.063727454909819414e+01 -6.625059520668323820e+00
2.069739478957915679e+01 -6.242651314603040902e+00
2.075751503006011944e+01 -5.858244214393963922e+00
2.081763527054108209e+01 -5.471907525499801750e+00
2.087775551102204474e+01 -5.083186098731551361e+00
2.093787575150300384e+01 -4.691067845494033328e+00
2.099799599198396649e+01 -4.294153560518034318e+00
2.105811623246492914e+01 -3.890981848459750481e+00
2.111823647294589179e+01 -3.480419831546301079e+00
2.117835671342685444e+01 -3.062014644294593246e+00
2.123847695390781354e+01 -2.636213519130283789e+00
2.129859719438877619e+01 -2.204395789446741194e+00
2.135871743486973884e+01 -1.768707644198560081e+00
2.141883767535070149e+01 -1.331737624318040325e+00
2.147895791583166414e+01 -8.961065746450623815e-01
2.153907815631262324e+01 -4.640622281322821507e-01
2.159919839679358589e+01 -3.716261893381421488e-02
2.165931863727454854e+01 3.838935929546908321e-01
2.171943887775551119e+01 7.992704260532357274e-01
2.177955911823647384e+01 1.209852088319806063e+00
2.183967935871743293e+01 1.617005636178054928e+00
2.189979959919839558e+01 2.022313248625843940e+00
2.195991983967935823e+01 2.427334434759075066e+00
2.202004008016032088e+01 2.833441625282075549e+00
2.208016032064128353e+01 3.241750481317036581e+00
2.214028056112224263e+01 3.653144853608356613e+00
2.220040080160320528e+01 4.068377922602352648e+00
2.226052104208416793e+01 4.488215242140909389e+00
2.232064128256513058e+01 4.913572321093790052e+00
2.238076152304608968e+01 5.345592322813531361e+00
2.244088176352705233e+01 5.785614508220945140e+00
2.250100200400801498e+01 6.235006145552294043e+00
2.256112224448897763e+01 6.694868698531389661e+00
2.262124248496994028e+01 7.165673770378671925e+00
2.268136272545089938e+01 7.646920166468923696e+00
2.274148296593186203e+01 8.136915576327286459e+00
2.280160320641282468e+01 8.632767052329800350e+00
2.286172344689378733e+01 9.130616929816230964e+00
2.292184368737474998e+01 9.626098201359866380e+00
2.298196392785570907e+01 1.011492372722747923e+01
2.304208416833667172e+01 1.059348412293612895e+01
2.310220440881763437e+01 1.105932098912206918e+01
2.316232464929859702e+01 1.151136819541395617e+01
2.322244488977955967e+01 1.194990813453575385e+01
2.328256513026051877e+01 1.237625856454818773e+01
2.334268537074148142e+01 1.279227071996952247e+01
2.340280561122244407e+01 1.319976293547263602e+01
2.346292585170340672e+01 1.360002391543851985e+01
2.352304609218436937e+01 1.399349375310809940e+01
2.358316633266532847e+01 1.437967768746912434e+01
2.364328657314629112e+01 1.475728448315400954e+01
2.370340681362725377e+01 1.512452763864566485e+01
2.376352705410821642e+01 1.547949826556257946e+01
2.382364729458917907e+01 1.582051884138432385e+01
2.388376753507013817e+01 1.614641189338596661e+01
2.394388777555110082e+01 1.645665422088854868e+01
2.400400801603206347e+01 1.675142093756172557e+01
2.406412825651302612e+01 1.703154400486094744e+01
2.412424849699398877e+01 1.729841420708132915e+01
2.418436873747494786e+01 1.755384807228686128e+01
2.424448897795591051e+01 1.779993012196489488e+01
2.430460921843687316e+01 1.803883320425163816e+01
2.436472945891783581e+01 1.827261867527156980e+01
2.442484969939879846e+01 1.850302255110421612e+01
2.448496993987975756e+01 1.873123972983396612e+01
2.454509018036072021e+01 1.895772266889193247e+01
2.460521042084168286e+01 1.918201262349409220e+01
2.466533066132264551e+01 1.940262246401623614e+01
2.472545090180360461e+01 1.961699298702734851e+01
2.478557114228456726e+01 1.982155077110333963e+01
2.484569138276552991e+01 2.001190235671660034e+01
2.490581162324649256e+01 2.018319946887822525e+01
2.496593186372745521e+01 2.033069292963524788e+01
2.502605210420841431e+01 2.045045084618831410e+01
2.508617234468937696e+01 2.054015098712779164e+01
2.514629258517033961e+01 2.059978445723523066e+01
2.520641282565130226e+01 2.063205902538305736e+01
2.526653306613226491e+01 2.064230158360487621e+01
2.532665330661322400e+01 2.063775249137814072e+01
2.538677354709418665e+01 2.062631028670008959e+01
2.544689378757514930e+01 2.061497492799692921e+01
2.550701402805611195e+01 2.060837741182042748e+01
2.556713426853707460e+01 2.060780542115870162e+01
2.562725450901803370e+01 2.061101226932825625e+01
2.568737474949899635e+01 2.061286438063372373e+01
2.574749498997995900e+01 2.060662605757453036e+01
2.580761523046092165e+01 2.058549780364261395e+01
2.586773547094188430e+01 2.054398232907533384e+01
2.592785571142284340e+01 2.047875538400231576e+01
2.598797595190380605e+01 2.038891192500648231e+01
2.604809619238476870e+01 2.027565771136995565e+01
2.610821643286573135e+01 2.014164957949439483e+01
2.616833667334669400e+01 1.999022263258574128e+01
2.622845691382765310e+01 1.982469402865734054e+01
2.628857715430861575e+01 1.964784491665866284e+01
2.634869739478957840e+01 1.946160100031996976e+01
2.640881763527054105e+01 1.926688616851627600e+01
2.646893787575150370e+01 1.906361486150247231e+01
2.652905811623246279e+01 1.885080092839138288e+01
2.658917835671342544e+01 1.862677267176605511e+01
2.664929859719438809e+01 1.838948227010743963e+01
2.670941883767535074e+01 1.813688206739768205e+01
2.676953907815631339e+01 1.786731912541167233e+01
2.682965931863727249e+01 1.757988423099231312e+01
2.688977955911823514e+01 1.727464976841499933e+01
2.694989979959919779e+01 1.695274397352141094e+01
2.701002004008016044e+01 1.661623402213731993e+01
2.707014028056111954e+01 1.626782256213495614e+01
2.713026052104208219e+01 1.591039733310878290e+01
2.719038076152304484e+01 1.554650703942314394e+01
2.725050100200400749e+01 1.517786285985638273e+01
2.731062124248497014e+01 1.480497631140766401e+01
2.737074148296592924e+01 1.442703311482635087e+01
2.743086172344689189e+01 1.404206538017578332e+01
2.749098196392785454e+01 1.364742412075909606e+01
2.755110220440881719e+01 1.324048242926551211e+01
2.761122244488977984e+01 1.281943442068334349e+01
2.767134268537073893e+01 1.238401525868179398e+01
2.773146292585170158e+01 1.193596729551116908e+01
2.779158316633266423e+01 1.147912066233234363e+01
2.785170340681362688e+01 1.101903557868723205e+01
2.791182364729458953e+01 1.056224988270549758e+01
2.797194388777554863e+01 1.011526519221028053e+01
2.803206412825651128e+01 9.683466476397663669e+00
2.809218436873747393e+01 9.270187897728270343e+00
2.815230460921843658e+01 8.876108756209568185e+00
2.821242484969939923e+01 8.499094565091036557e+00
2.827254509018035833e+01 8.134505824794766582e+00
2.833266533066132098e+01 7.775902091912801239e+00
2.839278557114228363e+01 7.415993269582338066e+00
2.845290581162324628e+01 7.047651287750872129e+00
2.851302605210420893e+01 6.664801982602268637e+00
2.857314629258516803e+01 6.263064861482236623e+00
2.863326653306613068e+01 5.840080925385458421e+00
2.869338677354709333e+01 5.395541994155258259e+00
2.875350701402805598e+01 4.930987094239633883e+00
2.881362725450901863e+01 4.449451165446092205e+00
2.887374749498997772e+01 3.955041923019251282e+00
2.893386773547094037e+01 3.452496705061691706e+00
2.899398797595190302e+01 2.946749583352550328e+00
2.905410821643286567e+01 2.442530311688685174e+00
2.911422845691382832e+01 1.944020070921219645e+00
2.917434869739478742e+01 1.454594868863229751e+00
2.923446893787575007e+01 9.766847636796006649e-01
2.929458917835671272e+01 5.117607206518066665e-01
2.935470941883767537e+01 6.043504432047089314e-02
2.941482965931863447e+01 -3.773634686362812296e-01
2.947494989979959712e+01 -8.021919115900457697e-01
2.953507014028055977e+01 -1.214923307759600446e+00
2.959519038076152242e+01 -1.616640102670047874e+00
2.965531062124248507e+01 -2.008607437552571096e+00
2.971543086172344417e+01 -2.392323222522825255e+00
2.977555110220440682e+01 -2.769623771430202108e+00
2.983567134268536947e+01 -3.142805311423201076e+00
2.989579158316633212e+01 -3.514704616761890499e+00
2.995591182364729477e+01 -3.888673581786687095e+00
3.001603206412825386e+01 -4.268392944070631856e+00
3.007615230460921651e+01 -4.657505522267517684e+00
3.013627254509017916e+01 -5.059104176638276051e+00
3.019639278557114181e+01 -5.475167278490886247e+00
3.025651302605210446e+01 -5.906072393502583395e+00
3.031663326653306356e+01 -6.350319650614913769e+00
3.037675350701402621e+01 -6.804555609747541922e+00
3.043687374749498886e+01 -7.263917264079005065e+00
3.049699398797595151e+01 -7.722635529062045201e+00
3.055711422845691416e+01 -8.174771972962185274e+00
3.061723446893787326e+01 -8.614930192233082096e+00
3.067735470941883591e+01 -9.038792758861660559e+00
3.073747494989979856e+01 -9.443383298302705953e+00
3.079759519038076121e+01 -9.827027898989641130e+00
3.085771543086172386e+01 -1.018907037171611840e+01
3.091783567134268296e+01 -1.052945926333272908e+01
3.097795591182364561e+01 -1.084835243525937365e+01
3.103807615230460826e+01 -1.114586904763949704e+01
3.109819639278557091e+01 -1.142206416689619708e+01
3.115831663326653356e+01 -1.167712563681075366e+01
3.121843687374749265e+01 -1.191172058764581365e+01
3.127855711422845530e+01 -1.212737231071039545e+01
3.133867735470941795e+01 -1.232673995447514770e+01
3.139879759519038060e+01 -1.251370327450935527e+01
3.145891783567134325e+01 -1.269321060613819974e+01
3.151903807615230235e+01 -1.287091203184083987e+01
3.157915831663326500e+01 -1.305265275404460468e+01
3.163927855711422765e+01 -1.324392980259940700e+01
3.169939879759519030e+01 -1.344941165211044698e+01
3.175951903807614940e+01 -1.367258723764034656e+01
3.181963927855711205e+01 -1.391555951701133331e+01
3.187975951903807470e+01 -1.417894773592553470e+01
3.193987975951903735e+01 -1.446183285244255146e+01
3.200000000000000000e+01 -1.476168758193463226e+01
