2.000000000000000000e+00 -9.361495039835157073e+00
2.060120240480961762e+00 -9.133152189340137284e+00
2.120240480961923968e+00 -8.884256808149064710e+00
2.180360721442885730e+00 -8.622636587148090115e+00
2.240480961923847492e+00 -8.357383079589993713e+00
2.300601202404809698e+00 -8.096964959154046682e+00
2.360721442885771459e+00 -7.847572644154642063e+00
2.420841683366733221e+00 -7.612135900650097042e+00
2.480961923847695427e+00 -7.390221521764014589e+00
2.541082164328657189e+00 -7.178738964488198704e+00
2.601202404809619395e+00 -6.973161303032429537e+00
2.661322645290581157e+00 -6.768871559777453584e+00
2.721442885771542919e+00 -6.562278064796934984e+00
2.781563126252505125e+00 -6.351468378251110103e+00
2.841683366733466887e+00 -6.136331166752342803e+00
2.901803607214429093e+00 -5.918216936025881836e+00
2.961923847695390855e+00 -5.699299841240867970e+00
3.022044088176352616e+00 -5.481834804697898633e+00
3.082164328657314378e+00 -5.267485370421043811e+00
3.142284569138276584e+00 -5.056846809587005609e+00
3.202404809619238346e+00 -4.849227465960836980e+00
3.262525050100200552e+00 -4.642696815775440022e+00
3.322645290581162314e+00 -4.434369974136414427e+00
3.382765531062124076e+00 -4.220874092834412394e+00
3.442885771543085838e+00 -3.998924660087338268e+00
3.503006012024048044e+00 -3.765922557041481156e+00
3.563126252505010250e+00 -3.520466864286055042e+00
3.623246492985972012e+00 -3.262673729241666543e+00
3.683366733466933773e+00 -2.994211311125719366e+00
3.743486973947895535e+00 -2.718011970711071701e+00
3.803607214428857741e+00 -2.437698746959863882e+00
3.863727454909819503e+00 -2.156842604520342821e+00
3.923847695390781709e+00 -1.878221890298503727e+00
3.983967935871743471e+00 -1.603263230352803381e+00
4.044088176352705233e+00 -1.331797252272273635e+00
4.104208416833667883e+00 -1.062176584385199796e+00
4.164328657314628757e+00 -7.917060571180176698e-01
4.224448897795591407e+00 -5.172578382348523851e-01
4.284569138276553169e+00 -2.359102375300533017e-01
4.344689378757514930e+00 5.453595664732644593e-02
4.404809619238476692e+00 3.552567663158270328e-01
4.464929859719438454e+00 6.663441317146692189e-01
4.525050100200401104e+00 9.869469192907965871e-01
4.585170340681361978e+00 1.315536408378999322e+00
4.645290581162324628e+00 1.650207242141349395e+00
4.705410821643286390e+00 1.988937480054283169e+00
4.765531062124248152e+00 2.329759822811088288e+00
4.825651302605210802e+00 2.670830983494410837e+00
4.885771543086171675e+00 3.010419365102578126e+00
4.945891783567134325e+00 3.346855793556000602e+00
5.006012024048096087e+00 3.678502340478867261e+00
5.066132264529057849e+00 4.003786627252813979e+00
5.126252505010020499e+00 4.321323881821113488e+00
5.186372745490981373e+00 4.630112649739894337e+00
5.246492985971944023e+00 4.929754048250973852e+00
5.306613226452905785e+00 5.220622417214921818e+00
5.366733466933867547e+00 5.503917370490027494e+00
5.426853707414829309e+00 5.781555349268575839e+00
5.486973947895791071e+00 6.055904281257413757e+00
5.547094188376753721e+00 6.329411794505249489e+00
5.607214428857715482e+00 6.604208628949077564e+00
5.667334669338677244e+00 6.881773865638213472e+00
5.727454909819639006e+00 7.162727625653865893e+00
5.787575150300600768e+00 7.446780237814475178e+00
5.847695390781563418e+00 7.732829195659294719e+00
5.907815631262524292e+00 8.019168438368270202e+00
5.967935871743486942e+00 8.303763039843532923e+00
6.028056112224448704e+00 8.584543216528524923e+00
6.088176352705410466e+00 8.859678086467491553e+00
6.148296593186372228e+00 9.127796653438075225e+00
6.208416833667334878e+00 9.388129943716853276e+00
6.268537074148296639e+00 9.640556212310016804e+00
6.328657314629258401e+00 9.885542973319504156e+00
6.388777555110220163e+00 1.012399513413021346e+01
6.448897795591181925e+00 1.035703465590597894e+01
6.509018036072143687e+00 1.058574968446975539e+01
6.569138276553106337e+00 1.081095689873474974e+01
6.629258517034068099e+00 1.103301912790298545e+01
6.689378757515029861e+00 1.125175211689879262e+01
6.749498997995991623e+00 1.146644111416207323e+01
6.809619238476953385e+00 1.167597068414202255e+01
6.869739478957916035e+00 1.187905070395166973e+01
6.929859719438877796e+00 1.207450007290920624e+01
6.989979959919839558e+00 1.226153178526929288e+01
7.050100200400801320e+00 1.243997506836236333e+01
7.110220440881763082e+00 1.261037798341264349e+01
7.170340681362724844e+00 1.277395877599113660e+01
7.230460921843687494e+00 1.293241127352816555e+01
7.290581162324649256e+00 1.308760754333084009e+01
7.350701402805611018e+00 1.324126640468904270e+01
7.410821643286572780e+00 1.339465936717647665e+01
7.470941883767534542e+00 1.354840467744948818e+01
7.531062124248497192e+00 1.370236365070789475e+01
7.591182364729458953e+00 1.385561642040139851e+01
7.651302605210420715e+00 1.400647281916380393e+01
7.711422845691382477e+00 1.415247929346545064e+01
7.771543086172344239e+00 1.429041564491294025e+01
7.831663326653306001e+00 1.441632512468474481e+01
7.891783567134268651e+00 1.452566652800830127e+01
7.951903807615230413e+00 1.461369089328712079e+01
8.012024048096192175e+00 1.467610641631928914e+01
8.072144288577153048e+00 1.470999849508027779e+01
8.132264529058115698e+00 1.471483934729252141e+01
8.192384769539078349e+00 1.469330202902297522e+01
8.252505010020040999e+00 1.465154793024338886e+01
8.312625250501001872e+00 1.459873159398382114e+01
8.372745490981962746e+00 1.454566600450944414e+01
8.432865731462925396e+00 1.450286249618983625e+01
8.492985971943888046e+00 1.447840462840332343e+01
8.553106212424850696e+00 1.447623062136443828e+01
8.613226452905811570e+00 1.449532184593408601e+01
8.673346693386772444e+00 1.453003880434595452e+01
8.733466933867735094e+00 1.457150024218920947e+01
8.793587174348697744e+00 1.460959375554524087e+01
8.853707414829658617e+00 1.463504861040301996e+01
8.913827655310621267e+00 1.464104006293704963e+01
8.973947895791582141e+00 1.462399597359313397e+01
9.034068136272544791e+00 1.458354979557536524e+01
9.094188376753507441e+00 1.452182515513093009e+01
9.154308617234468315e+00 1.444237331797096680e+01
9.214428857715430965e+00 1.434909632799215373e+01
9.274549098196391839e+00 1.424540421063474049e+01
9.334669338677354489e+00 1.413372724754911935e+01
9.394789579158317139e+00 1.401538398278028197e+01
9.454909819639278012e+00 1.389072256929859606e+01
9.515030060120238886e+00 1.375941531009119423e+01
9.575150300601201536e+00 1.362078706979968068e+01
9.635270541082164186e+00 1.347408564167749390e+01
9.695390781563126836e+00 1.331864436495636639e+01
9.755511022044087710e+00 1.315393342354506601e+01
9.815631262525048584e+00 1.297953540771160164e+01
9.875751503006011234e+00 1.279510273744016224e+01
9.935871743486973884e+00 1.260035326093275287e+01
9.995991983967936534e+00 1.239513694662537446e+01
1.005611222444889741e+01 1.217957023065484279e+01
1.011623246492986006e+01 1.195419911368967902e+01
1.017635270541082093e+01 1.172013057821167692e+01
1.023647294589178358e+01 1.147907176327939993e+01
1.029659318637274446e+01 1.123323737321665128e+01
1.035671342685370711e+01 1.098512107524208758e+01
1.041683366733466976e+01 1.073716528383830848e+01
1.047695390781563063e+01 1.049139426725748336e+01
1.053707414829659328e+01 1.024908906199940617e+01
1.059719438877755415e+01 1.001057549083899723e+01
1.065731462925851680e+01 9.775171215644853362e+00
1.071743486973947945e+01 9.541302182323214254e+00
1.077755511022044033e+01 9.306763352489195285e+00
1.083767535070140298e+01 9.069072059168870936e+00
1.089779559118236385e+01 8.825849207807968000e+00
1.095791583166332650e+01 8.575163877688190439e+00
1.101803607214428737e+01 8.315787955992732350e+00
1.107815631262525002e+01 8.047325997842314393e+00
1.113827655310621267e+01 7.770208639810655349e+00
1.119839679358717355e+01 7.485562485162082780e+00
1.125851703406813620e+01 7.194991301164652242e+00
1.131863727454909707e+01 6.900317797629742955e+00
1.137875751503005972e+01 6.603338316708693867e+00
1.143887775551102237e+01 6.305633449490115616e+00
1.149899799599198325e+01 6.008458572907375839e+00
1.155911823647294590e+01 5.712715086433899359e+00
1.161923847695390677e+01 5.418982216693302156e+00
1.167935871743486942e+01 5.127576229380064632e+00
1.173947895791583207e+01 4.838602075861884622e+00
1.179959919839679294e+01 4.551972217090177075e+00
1.185971943887775559e+01 4.267385577168434807e+00
1.191983967935871647e+01 3.984280323737668272e+00
1.197995991983967912e+01 3.701790155385626058e+00
1.204008016032064177e+01 3.418738998221700687e+00
1.210020040080160264e+01 3.133701360026898364e+00
1.216032064128256529e+01 2.845137828710371242e+00
1.222044088176352616e+01 2.551593568163248449e+00
1.228056112224448881e+01 2.251928773473246714e+00
1.234068136272544969e+01 1.945538093762549492e+00
1.240080160320641234e+01 1.632512095016153575e+00
1.246092184368737499e+01 1.313697519806399372e+00
1.252104208416833586e+01 9.906248366800775029e-01
1.258116232464929851e+01 6.652932154530952769e-01
1.264128256513025939e+01 3.398355888840214889e-01
1.270140280561122204e+01 1.612595856917548379e-02
1.276152304609218469e+01 -3.045737318670002081e-01
1.282164328657314556e+01 -6.218156718493861312e-01
1.288176352705410821e+01 -9.359274465873358428e-01
1.294188376753506908e+01 -1.247704121307215530e+00
1.300200400801603173e+01 -1.557890392557799597e+00
1.306212424849699438e+01 -1.866596829626090859e+00
1.312224448897795526e+01 -2.172841804316691938e+00
1.318236472945891791e+01 -2.474396295757384401e+00
1.324248496993987878e+01 -2.768029538186078664e+00
1.330260521042084143e+01 -3.050132006691472775e+00
1.336272545090180230e+01 -3.317568719282651291e+00
1.342284569138276495e+01 -3.568532693306120329e+00
1.348296593186372760e+01 -3.803154135459851926e+00
1.354308617234468848e+01 -4.023680289648615016e+00
1.360320641282565113e+01 -4.234154553757478290e+00
1.366332665330661200e+01 -4.439656527333223579e+00
1.372344689378757465e+01 -4.645278756551831201e+00
1.378356713426853730e+01 -4.855081090803901489e+00
1.384368737474949818e+01 -5.071265593010957140e+00
1.390380761523046083e+01 -5.293757703829974126e+00
1.396392785571142170e+01 -5.520281731582636908e+00
1.402404809619238435e+01 -5.746907729563426770e+00
1.408416833667334700e+01 -5.968948891228477827e+00
1.414428857715430787e+01 -6.182022295257459277e+00
1.420440881763527052e+01 -6.383058701271567159e+00
1.426452905811623140e+01 -6.571057825354781556e+00
1.432464929859719405e+01 -6.747429273291037255e+00
1.438476953907815670e+01 -6.915831677312725745e+00
1.444488977955911757e+01 -7.081518568015445325e+00
1.450501002004008022e+01 -7.250307942779417480e+00
1.456513026052104109e+01 -7.427391098287309035e+00
1.462525050100200374e+01 -7.616253929810054224e+00
1.468537074148296462e+01 -7.817972242334805699e+00
1.474549098196392727e+01 -8.031052438619601830e+00
1.480561122244488992e+01 -8.251840867893948328e+00
1.486573146292585079e+01 -8.475366302723987388e+00
1.492585170340681344e+01 -8.696366184691118661e+00
1.498597194388777432e+01 -8.910218611971956193e+00
1.504609218436873697e+01 -9.113565492693075143e+00
1.510621242484969962e+01 -9.304539181969731843e+00
1.516633266533066049e+01 -9.482643935710569849e+00
1.522645290581162314e+01 -9.648441862259959478e+00
1.528657314629258401e+01 -9.803216534122547898e+00
1.534669338677354666e+01 -9.948732629300344854e+00
1.540681362725450931e+01 -1.008710565378970436e+01
1.546693386773547019e+01 -1.022069285555148710e+01
1.552705410821643284e+01 -1.035186812263749090e+01
1.558717434869739371e+01 -1.048258130091605445e+01
1.564729458917835636e+01 -1.061371692116607335e+01
1.570741482965931723e+01 -1.074440830705202465e+01
1.576753507014027988e+01 -1.087156004606256765e+01
1.582765531062124253e+01 -1.098983052819112238e+01
1.588777555110220341e+01 -1.109221914411037346e+01
1.594789579158316606e+01 -1.117123437865175184e+01
1.600801603206412693e+01 -1.122046046338887670e+01
1.606813627254508958e+01 -1.123624700367883200e+01
1.612825651302605223e+01 -1.121922741294688031e+01
1.618837675350701488e+01 -1.117539338966508922e+01
1.624849699398797753e+01 -1.111647027450610103e+01
1.630861723446893663e+01 -1.105934280107538825e+01
1.636873747494989928e+01 -1.102431769740878664e+01
1.642885771543086193e+01 -1.103215422116797306e+01
1.648897795591182103e+01 -1.110009281504217071e+01
1.654909819639278368e+01 -1.123752551681411482e+01
1.660921843687374633e+01 -1.144233615905339718e+01
1.666933867735470898e+01 -1.169909416063045704e+01
1.672945891783567163e+01 -1.198005259337554484e+01
1.678957915831663428e+01 -1.224925556488449452e+01
1.684969939879759693e+01 -1.246915942798213628e+01
1.690981963927855602e+01 -1.260831614740245143e+01
1.696993987975951867e+01 -1.264818235053133400e+01
1.703006012024047777e+01 -1.258722005539100763e+01
1.709018036072144042e+01 -1.244114982150051851e+01
1.715030060120240307e+01 -1.223928559330482102e+01
1.721042084168336572e+01 -1.201796333645015835e+01
1.727054108216432837e+01 -1.181281435510569011e+01
1.733066132264529102e+01 -1.165181034186157305e+01
1.739078156312625367e+01 -1.155061668067264158e+01
1.745090180360721632e+01 -1.151102504065401888e+01
1.751102204408817542e+01 -1.152238629392495284e+01
1.757114228456913807e+01 -1.156529465138097734e+01
1.763126252505009717e+01 -1.161642907849533124e+01
1.769138276553105982e+01 -1.165344098005370022e+01
1.775150300601202247e+01 -1.165898960253554151e+01
1.781162324649298512e+01 -1.162334273144174723e+01
1.787174348697394777e+01 -1.154528617292314685e+01
1.793186372745491042e+01 -1.143137901575375359e+01
1.799198396793587307e+01 -1.129384463897725865e+01
1.805210420841683217e+01 -1.114759418681569514e+01
1.811222444889779482e+01 -1.100701639157624712e+01
1.817234468937875747e+01 -1.088319734697346597e+01
1.823246492985972012e+01 -1.078212560593753011e+01
1.829258517034067921e+01 -1.070419407394425626e+01
1.835270541082164186e+01 -1.064497965727038498e+01
1.841282565130260451e+01 -1.059695399042043817e+01
1.847294589178356716e+01 -1.055155667874070602e+01
1.853306613226452981e+01 -1.050102343728147147e+01
1.859318637274548891e+01 -1.043952100419253881e+01
1.865330661322645156e+01 -1.036343897589143737e+01
1.871342685370741421e+01 -1.027100900797011462e+01
1.877354709418837686e+01 -1.016163774417368515e+01
1.883366733466933951e+01 -1.003537093042486461e+01
1.889378757515029861e+01 -9.892754114442606550e+00
1.895390781563126126e+01 -9.735101202677949317e+00
1.901402805611222391e+01 -9.564946005401246509e+00
1.907414829659318656e+01 -9.386336240598645020e+00
1.913426853707414921e+01 -9.204675694691880850e+00
1.919438877755510831e+01 -9.025997905468722493e+00
1.925450901803607096e+01 -8.855783876874214755e+00
1.931462925851703361e+01 -8.697626689501468888e+00
1.937474949899799626e+01 -8.552132078778900137e+00
1.943486973947895891e+01 -8.416403429603750652e+00
1.949498997995991800e+01 -8.284311089797208538e+00
1.955511022044088065e+01 -8.147537046177276920e+00
1.961523046092184330e+01 -7.997176716552637288e+00
1.967535070140280595e+01 -7.825526808444664972e+00
1.973547094188376860e+01 -7.627633028424273931e+00
1.979559118236472770e+01 -7.402229408071245409e+00
1.985571142284569035e+01 -7.151857076445542916e+00
1.991583166332665300e+01 -6.882161552414283179e+00
1.997595190380761565e+01 -6.600574829251591780e+00
2.003607214428857475e+01 -6.314733805771523656e+00
2.009619238476953740e+01 -6.031031372417077208e+00
2.015631262525050005e+01 -5.753632875077824949e+00
2.021643286573146270e+01 -5.484142783867904214e+00
2.027655310621242535e+01 -5.221920824241376380e+00
2.033667334669338445e+01 -4.964877398254945007e+00
2.039679358717434710e+01 -4.710469945460992847e+00
2.045691382765530975e+01 -4.456599832422095453e+00
2.051703406813627240e+01 -4.202173183613611585e+00
2.057715430861723505e+01 -3.947215228011029975e+00
2.063727454909819414e+01 -3.692576466564529536e+00
2.069739478957915679e+01 -3.439395009773617229e+00
2.075751503006011944e+01 -3.188544551925762693e+00
2.081763527054108209e+01 -2.940282083221863019e+00
2.087775551102204474e+01 -2.694220031261566728e+00
2.093787575150300384e+01 -2.449616006551802450e+00
2.099799599198396649e+01 -2.205847399977652223e+00
2.105811623246492914e+01 -1.962864455510117789e+00
2.111823647294589179e+01 -1.721421998296666978e+00
2.117835671342685444e+01 -1.482974232786026469e+00
2.123847695390781354e+01 -1.249246263261898804e+00
2.129859719438877619e+01 -1.021620011000598627e+00
2.135871743486973884e+01 -8.005433902930745305e-01
2.141883767535070149e+01 -5.851641316449900376e-01
2.147895791583166414e+01 -3.733094162175478181e-01
2.153907815631262324e+01 -1.618136070253086145e-01
2.159919839679358589e+01 5.291417994005514353e-02
2.165931863727454854e+01 2.742532450823013113e-01
2.171943887775551119e+01 5.048328511672030006e-01
2.177955911823647384e+01 7.462020865644911627e-01
2.183967935871743293e+01 9.987360395899779197e-01
2.189979959919839558e+01 1.261735151448766912e+00
2.195991983967935823e+01 1.533638517965734138e+00
2.202004008016032088e+01 1.812275772557404796e+00
2.208016032064128353e+01 2.095113129337661473e+00
2.214028056112224263e+01 2.379485598645931343e+00
2.220040080160320528e+01 2.662830136659703140e+00
2.226052104208416793e+01 2.942934566971958432e+00
2.232064128256513058e+01 3.218197456596283423e+00
2.238076152304608968e+01 3.487866199959181568e+00
2.244088176352705233e+01 3.752198591081116863e+00
2.250100200400801498e+01 4.012488745964053471e+00
2.256112224448897763e+01 4.270916614582773718e+00
2.262124248496994028e+01 4.530218581857986315e+00
2.268136272545089938e+01 4.793224052363475707e+00
2.274148296593186203e+01 5.062343740929744484e+00
2.280160320641282468e+01 5.339114396320589151e+00
2.286172344689378733e+01 5.623893457901674608e+00
2.292184368737474998e+01 5.915758514551995084e+00
2.298196392785570907e+01 6.212614037438379810e+00
2.304208416833667172e+01 6.511460384580007421e+00
2.310220440881763437e+01 6.808752898824564248e+00
2.316232464929859702e+01 7.100777598792768153e+00
2.322244488977955967e+01 7.383989033305127236e+00
2.328256513026051877e+01 7.655283111354672876e+00
2.334268537074148142e+01 7.912200864713189397e+00
2.340280561122244407e+01 8.153071085217561631e+00
2.346292585170340672e+01 8.377100228727908160e+00
2.352304609218436937e+01 8.584411296044724082e+00
2.358316633266532847e+01 8.776025543606911228e+00
2.364328657314629112e+01 8.953776787162375683e+00
2.370340681362725377e+01 9.120150486961090763e+00
2.376352705410821642e+01 9.278049098286000884e+00
2.382364729458917907e+01 9.430499479082904202e+00
2.388376753507013817e+01 9.580333779486993606e+00
2.394388777555110082e+01 9.729887473344863480e+00
2.400400801603206347e+01 9.880762594511333319e+00
2.406412825651302612e+01 1.003369819144086428e+01
2.412424849699398877e+01 1.018857377954689092e+01
2.418436873747494786e+01 1.034454833336311630e+01
2.424448897795591051e+01 1.050031208893811296e+01
2.430460921843687316e+01 1.065440610201756755e+01
2.436472945891783581e+01 1.080554861044659809e+01
2.442484969939879846e+01 1.095289936205397296e+01
2.448496993987975756e+01 1.109619383560675665e+01
2.454509018036072021e+01 1.123569008668862601e+01
2.460521042084168286e+01 1.137189498324693027e+01
2.466533066132264551e+01 1.150507792749311875e+01
2.472545090180360461e+01 1.163464023456171148e+01
2.478557114228456726e+01 1.175848075109473712e+01
2.484569138276552991e+01 1.187256442532314793e+01
2.490581162324649256e+01 1.197092973130517635e+01
2.496593186372745521e+01 1.204632852008765020e+01
2.502605210420841431e+01 1.209155593787492933e+01
2.508617234468937696e+01 1.210130876510157449e+01
2.514629258517033961e+01 1.207416319363507107e+01
2.520641282565130226e+01 1.201408157891983208e+01
2.526653306613226491e+01 1.193084310402290882e+01
2.532665330661322400e+01 1.183900493122113673e+01
2.538677354709418665e+01 1.175541212605165597e+01
2.544689378757514930e+01 1.169576317038826474e+01
2.550701402805611195e+01 1.167111973306928974e+01
2.556713426853707460e+01 1.168535698252390276e+01
2.562725450901803370e+01 1.173431365562543327e+01
2.568737474949899635e+01 1.180688885981848202e+01
2.574749498997995900e+01 1.188773229627956951e+01
2.580761523046092165e+01 1.196071066836756636e+01
2.586773547094188430e+01 1.201216855451222010e+01
2.592785571142284340e+01 1.203317154232284558e+01
2.598797595190380605e+01 1.202032504091222087e+01
2.604809619238476870e+01 1.197522952157358844e+01
2.610821643286573135e+01 1.190299333771965351e+01
2.616833667334669400e+01 1.181038088420365462e+01
2.622845691382765310e+01 1.170412403100128707e+01
2.628857715430861575e+01 1.158973814233327815e+01
2.634869739478957840e+01 1.147095685959045852e+01
2.640881763527054105e+01 1.134971226082393336e+01
2.646893787575150370e+01 1.122648014588471277e+01
2.652905811623246279e+01 1.110078613870610553e+01
2.658917835671342544e+01 1.097170411449411098e+01
2.664929859719438809e+01 1.083824297429070604e+01
2.670941883767535074e+01 1.069958374781391797e+01
2.676953907815631339e+01 1.055517879150081129e+01
2.682965931863727249e+01 1.040475141471099363e+01
2.688977955911823514e+01 1.024823942055008708e+01
2.694989979959919779e+01 1.008571728291287428e+01
2.701002004008016044e+01 9.917318195285748317e+00
2.707014028056111954e+01 9.743166129452976776e+00
2.713026052104208219e+01 9.563322191763749203e+00
2.719038076152304484e+01 9.377747924320569695e+00
2.725050100200400749e+01 9.186288139554312338e+00
2.731062124248497014e+01 8.988675590011615313e+00
2.737074148296592924e+01 8.784559066010762862e+00
2.743086172344689189e+01 8.573555759191510361e+00
2.749098196392785454e+01 8.355327415091178267e+00
2.755110220440881719e+01 8.129676359006253961e+00
2.761122244488977984e+01 7.896650859572869052e+00
2.767134268537073893e+01 7.656640839045857128e+00
2.773146292585170158e+01 7.410438668191737577e+00
2.779158316633266423e+01 7.159240303044270171e+00
2.785170340681362688e+01 6.904571381754598391e+00
2.791182364729458953e+01 6.648138805262000517e+00
2.797194388777554863e+01 6.391625207526326236e+00
2.803206412825651128e+01 6.136456025800141489e+00
2.809218436873747393e+01 5.883574171095143690e+00
2.815230460921843658e+01 5.633256918899311572e+00
2.821242484969939923e+01 5.385006589499123919e+00
2.827254509018035833e+01 5.137542370945660686e+00
2.833266533066132098e+01 4.888913618622969359e+00
2.839278557114228363e+01 4.636741574560391932e+00
2.845290581162324628e+01 4.378574489897507860e+00
2.851302605210420893e+01 4.112312893329219676e+00
2.857314629258516803e+01 3.836634722823941690e+00
2.863326653306613068e+01 3.551334550459232187e+00
2.869338677354709333e+01 3.257495948356232240e+00
2.875350701402805598e+01 2.957444137378624216e+00
2.881362725450901863e+01 2.654472480818395042e+00
2.887374749498997772e+01 2.352389198772354195e+00
2.893386773547094037e+01 2.054974614959320878e+00
2.899398797595190302e+01 1.765460759400084179e+00
2.905410821643286567e+01 1.486137141464741962e+00
2.911422845691382832e+01 1.218151075601387356e+00
2.917434869739478742e+01 9.615190516793553632e-01
2.923446893787575007e+01 7.153136093919707506e-01
2.929458917835671272e+01 4.779539946809486239e-01
2.935470941883767537e+01 2.475183913120184986e-01
2.941482965931863447e+01 2.201078895553710418e-02
2.947494989979959712e+01 -2.004529214713993979e-01
2.953507014028055977e+01 -4.215419773057184627e-01
2.959519038076152242e+01 -6.426719392649551388e-01
2.965531062124248507e+01 -8.650072536332049644e-01
2.971543086172344417e+01 -1.089491770067031462e+00
2.977555110220440682e+01 -1.316904962199477502e+00
2.983567134268536947e+01 -1.547942761508922516e+00
2.989579158316633212e+01 -1.783308580991846526e+00
2.995591182364729477e+01 -2.023778984136784143e+00
3.001603206412825386e+01 -2.270194953650905401e+00
3.007615230460921651e+01 -2.523339486382924157e+00
3.013627254509017916e+01 -2.783700907681792902e+00
3.019639278557114181e+01 -3.051178183297086566e+00
3.025651302605210446e+01 -3.324834780168116843e+00
3.031663326653306356e+01 -3.602823066843044320e+00
3.037675350701402621e+01 -3.882564917591419196e+00
3.043687374749498886e+01 -4.161191495288246500e+00
3.049699398797595151e+01 -4.436144759342366406e+00
3.055711422845691416e+01 -4.705765909040304784e+00
3.061723446893787326e+01 -4.969676448257074775e+00
3.067735470941883591e+01 -5.228807810290938107e+00
3.073747494989979856e+01 -5.485038582263992879e+00
3.079759519038076121e+01 -5.740516429328421211e+00
3.085771543086172386e+01 -5.996833876240178718e+00
3.091783567134268296e+01 -6.254267066348787374e+00
3.097795591182364561e+01 -6.511271432193637132e+00
3.103807615230460826e+01 -6.764372674415374931e+00
3.109819639278557091e+01 -7.008514835750391470e+00
3.115831663326653356e+01 -7.237842199465738702e+00
3.121843687374749265e+01 -7.446803399480388386e+00
3.127855711422845530e+01 -7.631381196685780743e+00
3.133867735470941795e+01 -7.790187693155761650e+00
3.139879759519038060e+01 -7.925150677118142362e+00
3.145891783567134325e+01 -8.041576876063704304e+00
3.151903807615230235e+01 -8.147513049539032437e+00
3.157915831663326500e+01 -8.252502730357972993e+00
3.163927855711422765e+01 -8.365996620199352307e+00
3.169939879759519030e+01 -8.495761086956393981e+00
3.175951903807614940e+01 -8.646614424677013133e+00
3.181963927855711205e+01 -8.819719063753893806e+00
3.187975951903807470e+01 -9.012515292063749683e+00
3.193987975951903735e+01 -9.219248459758242475e+00
3.200000000000000000e+01 -9.431948062571681390e+00
